#    Start: ------ Host: "cpn-p27-17" ----------Wed Jun 14 11:50:32 2023

#    Time[fs]   CPU-time[s]     Delta-CPU    Real time        RealT[s]     [h]
#        0.00           0.1                  Jun 14 11:50:33         0     0.00
         0.50           0.1         0.080    Jun 14 11:50:33         0     0.00
         1.00           0.2         0.090    Jun 14 11:50:33         0     0.00
         1.50           0.3         0.090    Jun 14 11:50:33         0     0.00
         2.00           0.4         0.070    Jun 14 11:50:33         0     0.00
         2.50           0.4         0.070    Jun 14 11:50:33         0     0.00
         3.00           0.5         0.080    Jun 14 11:50:33         0     0.00
         3.50           0.6         0.060    Jun 14 11:50:33         0     0.00
         4.00           0.6         0.050    Jun 14 11:50:33         0     0.00
         4.50           0.7         0.060    Jun 14 11:50:34         1     0.00
         5.00           0.8         0.070    Jun 14 11:50:34         1     0.00
         5.50           0.8         0.060    Jun 14 11:50:34         1     0.00
         6.00           0.9         0.090    Jun 14 11:50:34         1     0.00
         6.50           1.0         0.090    Jun 14 11:50:34         1     0.00
         7.00           1.1         0.080    Jun 14 11:50:34         1     0.00
         7.50           1.2         0.100    Jun 14 11:50:34         1     0.00
         8.00           1.3         0.070    Jun 14 11:50:34         1     0.00
         8.50           1.4         0.090    Jun 14 11:50:34         1     0.00
         9.00           1.4         0.090    Jun 14 11:50:35         2     0.00
         9.50           1.5         0.080    Jun 14 11:50:35         2     0.00
        10.00           1.6         0.080    Jun 14 11:50:35         2     0.00
        10.50           1.7         0.090    Jun 14 11:50:35         2     0.00
        11.00           1.8         0.070    Jun 14 11:50:35         2     0.00
        11.50           1.8         0.070    Jun 14 11:50:35         2     0.00
        12.00           1.9         0.080    Jun 14 11:50:35         2     0.00
        12.50           2.0         0.090    Jun 14 11:50:35         2     0.00
        13.00           2.1         0.090    Jun 14 11:50:35         2     0.00
        13.50           2.2         0.080    Jun 14 11:50:36         3     0.00
        14.00           2.2         0.080    Jun 14 11:50:36         3     0.00
        14.50           2.3         0.090    Jun 14 11:50:36         3     0.00
        15.00           2.4         0.090    Jun 14 11:50:36         3     0.00
        15.50           2.5         0.090    Jun 14 11:50:36         3     0.00
        16.00           2.6         0.080    Jun 14 11:50:36         3     0.00
        16.50           2.7         0.080    Jun 14 11:50:36         3     0.00
        17.00           2.8         0.070    Jun 14 11:50:36         3     0.00
        17.50           2.8         0.080    Jun 14 11:50:36         3     0.00
        18.00           2.9         0.070    Jun 14 11:50:37         4     0.00
        18.50           3.0         0.090    Jun 14 11:50:37         4     0.00
        19.00           3.1         0.070    Jun 14 11:50:37         4     0.00
        19.50           3.1         0.080    Jun 14 11:50:37         4     0.00
        20.00           3.2         0.080    Jun 14 11:50:37         4     0.00
        20.50           3.3         0.080    Jun 14 11:50:37         4     0.00
        21.00           3.4         0.080    Jun 14 11:50:37         4     0.00
        21.50           3.5         0.070    Jun 14 11:50:37         4     0.00
        22.00           3.5         0.060    Jun 14 11:50:37         4     0.00
        22.50           3.6         0.060    Jun 14 11:50:37         4     0.00
        23.00           3.6         0.060    Jun 14 11:50:37         4     0.00
        23.50           3.7         0.070    Jun 14 11:50:38         5     0.00
        24.00           3.8         0.070    Jun 14 11:50:38         5     0.00
        24.50           3.9         0.080    Jun 14 11:50:38         5     0.00
        25.00           3.9         0.060    Jun 14 11:50:38         5     0.00
        25.50           4.0         0.060    Jun 14 11:50:38         5     0.00
        26.00           4.0         0.070    Jun 14 11:50:38         5     0.00
        26.50           4.1         0.050    Jun 14 11:50:38         5     0.00
        27.00           4.1         0.050    Jun 14 11:50:38         5     0.00
        27.50           4.2         0.050    Jun 14 11:50:38         5     0.00
        28.00           4.2         0.060    Jun 14 11:50:38         5     0.00
        28.50           4.3         0.060    Jun 14 11:50:38         5     0.00
        29.00           4.4         0.080    Jun 14 11:50:39         6     0.00
        29.50           4.5         0.080    Jun 14 11:50:39         6     0.00
        30.00           4.5         0.080    Jun 14 11:50:39         6     0.00
        30.50           4.6         0.050    Jun 14 11:50:39         6     0.00
        31.00           4.7         0.050    Jun 14 11:50:39         6     0.00
        31.50           4.7         0.070    Jun 14 11:50:39         6     0.00
        32.00           4.8         0.060    Jun 14 11:50:39         6     0.00
        32.50           4.8         0.060    Jun 14 11:50:39         6     0.00
        33.00           4.9         0.060    Jun 14 11:50:39         6     0.00
        33.50           5.0         0.060    Jun 14 11:50:39         6     0.00
        34.00           5.0         0.050    Jun 14 11:50:39         6     0.00
        34.50           5.1         0.050    Jun 14 11:50:39         6     0.00
        35.00           5.1         0.060    Jun 14 11:50:40         7     0.00
        35.50           5.2         0.080    Jun 14 11:50:40         7     0.00
        36.00           5.2         0.050    Jun 14 11:50:40         7     0.00
        36.50           5.3         0.060    Jun 14 11:50:40         7     0.00
        37.00           5.4         0.050    Jun 14 11:50:40         7     0.00
        37.50           5.4         0.070    Jun 14 11:50:40         7     0.00
        38.00           5.5         0.050    Jun 14 11:50:40         7     0.00
        38.50           5.5         0.060    Jun 14 11:50:40         7     0.00
        39.00           5.6         0.060    Jun 14 11:50:40         7     0.00
        39.50           5.7         0.070    Jun 14 11:50:40         7     0.00
        40.00           5.8         0.090    Jun 14 11:50:41         8     0.00
        40.50           5.8         0.060    Jun 14 11:50:41         8     0.00
        41.00           5.9         0.050    Jun 14 11:50:41         8     0.00
        41.50           5.9         0.070    Jun 14 11:50:41         8     0.00
        42.00           6.0         0.050    Jun 14 11:50:41         8     0.00
        42.50           6.0         0.060    Jun 14 11:50:41         8     0.00
        43.00           6.1         0.060    Jun 14 11:50:41         8     0.00
        43.50           6.2         0.060    Jun 14 11:50:41         8     0.00
        44.00           6.2         0.080    Jun 14 11:50:41         8     0.00
        44.50           6.3         0.070    Jun 14 11:50:41         8     0.00
        45.00           6.4         0.080    Jun 14 11:50:41         8     0.00
        45.50           6.5         0.060    Jun 14 11:50:42         9     0.00
        46.00           6.5         0.060    Jun 14 11:50:42         9     0.00
        46.50           6.6         0.050    Jun 14 11:50:42         9     0.00
        47.00           6.6         0.070    Jun 14 11:50:42         9     0.00
        47.50           6.7         0.070    Jun 14 11:50:42         9     0.00
        48.00           6.8         0.060    Jun 14 11:50:42         9     0.00
        48.50           6.8         0.050    Jun 14 11:50:42         9     0.00
        49.00           6.9         0.070    Jun 14 11:50:42         9     0.00
        49.50           7.0         0.070    Jun 14 11:50:42         9     0.00
        50.00           7.1         0.090    Jun 14 11:50:42         9     0.00
        50.50           7.1         0.050    Jun 14 11:50:42         9     0.00
        51.00           7.2         0.060    Jun 14 11:50:43        10     0.00
        51.50           7.2         0.070    Jun 14 11:50:43        10     0.00
        52.00           7.3         0.070    Jun 14 11:50:43        10     0.00
        52.50           7.4         0.080    Jun 14 11:50:43        10     0.00
        53.00           7.4         0.050    Jun 14 11:50:43        10     0.00
        53.50           7.5         0.050    Jun 14 11:50:43        10     0.00
        54.00           7.5         0.050    Jun 14 11:50:43        10     0.00
        54.50           7.6         0.050    Jun 14 11:50:43        10     0.00
        55.00           7.6         0.060    Jun 14 11:50:43        10     0.00
        55.50           7.7         0.060    Jun 14 11:50:43        10     0.00
        56.00           7.8         0.060    Jun 14 11:50:43        10     0.00
        56.50           7.8         0.050    Jun 14 11:50:44        11     0.00
        57.00           7.9         0.060    Jun 14 11:50:44        11     0.00
        57.50           7.9         0.050    Jun 14 11:50:44        11     0.00
        58.00           8.0         0.080    Jun 14 11:50:44        11     0.00
        58.50           8.1         0.070    Jun 14 11:50:44        11     0.00
        59.00           8.1         0.060    Jun 14 11:50:44        11     0.00
        59.50           8.2         0.070    Jun 14 11:50:44        11     0.00
        60.00           8.3         0.060    Jun 14 11:50:44        11     0.00
        60.50           8.3         0.050    Jun 14 11:50:44        11     0.00
        61.00           8.4         0.070    Jun 14 11:50:44        11     0.00
        61.50           8.4         0.070    Jun 14 11:50:44        11     0.00
        62.00           8.5         0.050    Jun 14 11:50:44        11     0.00
        62.50           8.5         0.050    Jun 14 11:50:45        12     0.00
        63.00           8.6         0.070    Jun 14 11:50:45        12     0.00
        63.50           8.7         0.050    Jun 14 11:50:45        12     0.00
        64.00           8.7         0.060    Jun 14 11:50:45        12     0.00
        64.50           8.8         0.060    Jun 14 11:50:45        12     0.00
        65.00           8.9         0.070    Jun 14 11:50:45        12     0.00
        65.50           8.9         0.060    Jun 14 11:50:45        12     0.00
        66.00           9.0         0.050    Jun 14 11:50:45        12     0.00
        66.50           9.0         0.050    Jun 14 11:50:45        12     0.00
        67.00           9.1         0.060    Jun 14 11:50:45        12     0.00
        67.50           9.1         0.060    Jun 14 11:50:45        12     0.00
        68.00           9.2         0.070    Jun 14 11:50:45        12     0.00
        68.50           9.3         0.060    Jun 14 11:50:46        13     0.00
        69.00           9.3         0.050    Jun 14 11:50:46        13     0.00
        69.50           9.4         0.060    Jun 14 11:50:46        13     0.00
        70.00           9.5         0.080    Jun 14 11:50:46        13     0.00
