 ------ Host: "cpn-p27-17" ----------Wed Jun 14 11:50:32 2023
           
 /user/mrecio/new/results1
 ---------------------------------------------------------------------------
  
 Subroutine         Calls N       cpu/N          cpu     %cpu        Clock
 PropWF                   1      9.3361          9.336    98.7         11.398
 BS                    2608      0.0035          9.030    95.5          9.033
 Funkphi-x           139714      0.0001          8.767    92.7          8.786
 GenOPER                  1      0.0230          0.023     0.2          0.128
 Init_WF                  1      0.0090          0.009     0.1          0.066
 Output                 141      0.0002          0.025     0.3          0.025
 HunPhi                 421      0.0001          0.024     0.3          0.024
 Funk1                  280      0.0001          0.021     0.2          0.021
 CalcOPs                  1      0.0040          0.004     0.0          0.027
 Funk2                  141      0.0001          0.009     0.1          0.009
 GenDVR                   1      0.0030          0.003     0.0          0.012
 Funk3                  141      0.0000          0.005     0.1          0.005
 Funk0                  140      0.0000          0.002     0.0          0.002
 Project                421      0.0000          0.002     0.0          0.002
 SIL                    420      0.0000          0.001     0.0          0.001
 Density                281      0.0000          0.001     0.0          0.001
 Dicht1Phi              421      0.0000          0.001     0.0          0.001
 HPhi                   561      0.0000          0.001     0.0          0.001
 AddHunPhi              421      0.0000          0.001     0.0          0.001
 Hlochphi               421      0.0000          0.001     0.0          0.001
 Funka                  140      0.0000          0.001     0.0          0.001
 Mfields                281      0.0000          0.001     0.0          0.001
 Summf                  281      0.0000          0.000     0.0          0.000
 PhiHPhi                281      0.0000          0.000     0.0          0.000
 PhiHunPhi              141      0.0000          0.000     0.0          0.000
 Calcha                 140      0.0000          0.000     0.0          0.000

Total (cpu,wall)        9.460       13.474   (     0h :  0m :  13s)


 ---------------------------------------------------------------------------
 ------ Host: "cpn-p27-17" ----------Wed Jun 14 11:50:46 2023
           
