#Update-step  Updatetime     Error of A        Error of phi      Time in fs
     1        0.50000000     0.185641E-009     0.913052E-011        0.0000
     2        0.50000000     0.100223E-008     0.000000E+000        0.5000
     3        0.50000000     0.392937E-009     0.278284E-009        1.0000
     4        0.50000000     0.512034E-009     0.000000E+000        1.5000
     5        0.50000000     0.618057E-009     0.000000E+000        2.0000
     6        0.50000000     0.341603E-009     0.301240E-009        2.5000
     7        0.50000000     0.548191E-009     0.000000E+000        3.0000
     8        0.50000000     0.236956E-009     0.184517E-009        3.5000
     9        0.50000000     0.329180E-010     0.169627E-009        4.0000
    10        0.50000000     0.238467E-010     0.000000E+000        4.5000
    11        0.50000000     0.113396E-009     0.128684E-010        5.0000
    12        0.50000000     0.365386E-010     0.133882E-010        5.5000
    13        0.50000000     0.521291E-009     0.210589E-008        6.0000
    14        0.50000000     0.367891E-009     0.148813E-009        6.5000
    15        0.50000000     0.127575E-009     0.000000E+000        7.0000
    16        0.50000000     0.274360E-009     0.379541E-010        7.5000
    17        0.50000000     0.794123E-010     0.000000E+000        8.0000
    18        0.50000000     0.271106E-009     0.333064E-010        8.5000
    19        0.50000000     0.136106E-009     0.378989E-009        9.0000
    20        0.50000000     0.242657E-012     0.553744E-009        9.5000
    21        0.50000000     0.136713E-009     0.121815E-010       10.0000
    22        0.50000000     0.206884E-009     0.143190E-009       10.5000
    23        0.50000000     0.348491E-009     0.141560E-009       11.0000
    24        0.50000000     0.706066E-009     0.000000E+000       11.5000
    25        0.50000000     0.274692E-009     0.281879E-009       12.0000
    26        0.50000000     0.354369E-009     0.100461E-008       12.5000
    27        0.50000000     0.492968E-009     0.000000E+000       13.0000
    28        0.50000000     0.292880E-009     0.142593E-009       13.5000
    29        0.50000000     0.538049E-009     0.159238E-009       14.0000
    30        0.50000000     0.348052E-010     0.541746E-009       14.5000
    31        0.50000000     0.269962E-010     0.261019E-010       15.0000
    32        0.50000000     0.209533E-009     0.272281E-009       15.5000
    33        0.50000000     0.438548E-009     0.142978E-009       16.0000
    34        0.50000000     0.625672E-009     0.168461E-009       16.5000
    35        0.50000000     0.632919E-009     0.000000E+000       17.0000
    36        0.50000000     0.874716E-009     0.000000E+000       17.5000
    37        0.50000000     0.630773E-009     0.000000E+000       18.0000
    38        0.50000000     0.281624E-009     0.241712E-009       18.5000
    39        0.50000000     0.396270E-009     0.182117E-010       19.0000
    40        0.50000000     0.141419E-014     0.166995E-010       19.5000
    41        0.50000000     0.124239E-009     0.000000E+000       20.0000
    42        0.50000000     0.282644E-009     0.713490E-009       20.5000
    43        0.50000000     0.306566E-009     0.158636E-009       21.0000
    44        0.50000000     0.360079E-009     0.000000E+000       21.5000
    45        0.50000000     0.326670E-009     0.712742E-010       22.0000
    46        0.50000000     0.552312E-009     0.000000E+000       22.5000
    47        0.50000000     0.536505E-009     0.000000E+000       23.0000
    48        0.50000000     0.556141E-009     0.830749E-009       23.5000
    49        0.50000000     0.216166E-010     0.601915E-010       24.0000
    50        0.50000000     0.943899E-010     0.159285E-009       24.5000
    51        0.50000000     0.126621E-009     0.000000E+000       25.0000
    52        0.50000000     0.608282E-009     0.000000E+000       25.5000
    53        0.50000000     0.340304E-009     0.114881E-009       26.0000
    54        0.50000000     0.674533E-009     0.000000E+000       26.5000
    55        0.50000000     0.445056E-009     0.602604E-009       27.0000
    56        0.50000000     0.481049E-009     0.756612E-010       27.5000
    57        0.50000000     0.628947E-009     0.000000E+000       28.0000
    58        0.50000000     0.248332E-009     0.759453E-010       28.5000
    59        0.50000000     0.219028E-009     0.124452E-009       29.0000
    60        0.50000000     0.207057E-010     0.207579E-008       29.5000
    61        0.50000000     0.123028E-010     0.161118E-010       30.0000
    62        0.50000000     0.557455E-009     0.000000E+000       30.5000
    63        0.50000000     0.623620E-009     0.131302E-008       31.0000
    64        0.50000000     0.256494E-009     0.988668E-009       31.5000
    65        0.50000000     0.324276E-009     0.000000E+000       32.0000
    66        0.50000000     0.337847E-009     0.257609E-008       32.5000
    67        0.50000000     0.715406E-009     0.108371E-009       33.0000
    68        0.50000000     0.136233E-009     0.903206E-010       33.5000
    69        0.50000000     0.419996E-009     0.000000E+000       34.0000
    70        0.50000000     0.179873E-010     0.229416E-009       34.5000
    71        0.50000000     0.134285E-011     0.143876E-010       35.0000
    72        0.50000000     0.354733E-010     0.968357E-011       35.5000
    73        0.50000000     0.286514E-009     0.155896E-009       36.0000
    74        0.50000000     0.628488E-009     0.111567E-009       36.5000
    75        0.50000000     0.392528E-009     0.955832E-010       37.0000
    76        0.50000000     0.711866E-009     0.120845E-008       37.5000
    77        0.50000000     0.314979E-009     0.114191E-008       38.0000
    78        0.50000000     0.151923E-009     0.800196E-010       38.5000
    79        0.50000000     0.394812E-009     0.130190E-010       39.0000
    80        0.50000000     0.164123E-010     0.196041E-009       39.5000
    81        0.50000000     0.143610E-009     0.413591E-010       40.0000
    82        0.50000000     0.264834E-009     0.221759E-009       40.5000
    83        0.50000000     0.238402E-009     0.130721E-009       41.0000
    84        0.50000000     0.637221E-009     0.946389E-010       41.5000
    85        0.50000000     0.357063E-009     0.111235E-009       42.0000
    86        0.50000000     0.806302E-009     0.256499E-009       42.5000
    87        0.50000000     0.103841E-008     0.000000E+000       43.0000
    88        0.50000000     0.578689E-009     0.000000E+000       43.5000
    89        0.50000000     0.186693E-009     0.611246E-010       44.0000
    90        0.50000000     0.296441E-010     0.436097E-009       44.5000
    91        0.50000000     0.110143E-009     0.422166E-009       45.0000
    92        0.50000000     0.105579E-008     0.000000E+000       45.5000
    93        0.50000000     0.851685E-009     0.000000E+000       46.0000
    94        0.50000000     0.854619E-009     0.000000E+000       46.5000
    95        0.50000000     0.438134E-009     0.775117E-010       47.0000
    96        0.50000000     0.317526E-009     0.635445E-010       47.5000
    97        0.50000000     0.254316E-009     0.327826E-009       48.0000
    98        0.50000000     0.292424E-009     0.107417E-008       48.5000
    99        0.50000000     0.957696E-010     0.398909E-008       49.0000
   100        0.50000000     0.198817E-010     0.174247E-009       49.5000
   101        0.50000000     0.548303E-010     0.308340E-010       50.0000
   102        0.50000000     0.121128E-009     0.107822E-008       50.5000
   103        0.50000000     0.519644E-009     0.860804E-009       51.0000
   104        0.50000000     0.402698E-009     0.106969E-009       51.5000
   105        0.50000000     0.331373E-009     0.512055E-009       52.0000
   106        0.50000000     0.542881E-009     0.000000E+000       52.5000
   107        0.50000000     0.418785E-009     0.711176E-010       53.0000
   108        0.50000000     0.285339E-009     0.106268E-009       53.5000
   109        0.50000000     0.145748E-009     0.244471E-009       54.0000
   110        0.50000000     0.278010E-010     0.171391E-009       54.5000
   111        0.50000000     0.644855E-011     0.000000E+000       55.0000
   112        0.50000000     0.117875E-009     0.341683E-009       55.5000
   113        0.50000000     0.179490E-009     0.833994E-009       56.0000
   114        0.50000000     0.421939E-009     0.000000E+000       56.5000
   115        0.50000000     0.424815E-009     0.000000E+000       57.0000
   116        0.50000000     0.284829E-009     0.133410E-008       57.5000
   117        0.50000000     0.692362E-009     0.000000E+000       58.0000
   118        0.50000000     0.210378E-009     0.127222E-008       58.5000
   119        0.50000000     0.144074E-009     0.113996E-009       59.0000
   120        0.50000000     0.199719E-010     0.109582E-008       59.5000
   121        0.50000000     0.124177E-012     0.737243E-010       60.0000
   122        0.50000000     0.884741E-011     0.187164E-008       60.5000
   123        0.50000000     0.244977E-009     0.929110E-009       61.0000
   124        0.50000000     0.621135E-009     0.397440E-010       61.5000
   125        0.50000000     0.653414E-009     0.886329E-010       62.0000
   126        0.50000000     0.623959E-009     0.000000E+000       62.5000
   127        0.50000000     0.715694E-009     0.000000E+000       63.0000
   128        0.50000000     0.578567E-009     0.000000E+000       63.5000
   129        0.50000000     0.522208E-010     0.145398E-008       64.0000
   130        0.50000000     0.672808E-009     0.151099E-009       64.5000
   131        0.50000000     0.143374E-010     0.134598E-011       65.0000
   132        0.50000000     0.810353E-010     0.897918E-009       65.5000
   133        0.50000000     0.543274E-009     0.000000E+000       66.0000
   134        0.50000000     0.750252E-009     0.809757E-010       66.5000
   135        0.50000000     0.113730E-009     0.102700E-008       67.0000
   136        0.50000000     0.117051E-009     0.165336E-009       67.5000
   137        0.50000000     0.334377E-009     0.165681E-010       68.0000
   138        0.50000000     0.483260E-009     0.000000E+000       68.5000
   139        0.50000000     0.269733E-010     0.204103E-008       69.0000
   140        0.50000000     0.152784E-010     0.589986E-010       69.5000
