
# ------ Host: "cpn-p27-15" ----------Thu Jun 15 14:53:14 2023
                 
# The first  3 columns are the adiabatic populations. The second  3 columns are the diabatic populations.

#    Time[fs]           1             2             3             1             2             3
         0.000      0.00000000    0.99991119    0.00000000    0.00000000    0.00000000    0.99991119
         1.000      0.00000000    0.99990883    0.00000000    0.00000000    0.00000000    0.99990883
         2.000      0.00000000    0.99990800    0.00000000    0.00000000    0.00000000    0.99990800
         3.000      0.00000000    0.99991249    0.00000000    0.00000000    0.00000000    0.99991249
         4.000      0.00000000    0.99990969    0.00000000    0.00000000    0.00000000    0.99990969
         5.000      0.00000000    0.99990573    0.00000000    0.00000000    0.00000000    0.99990573
         6.000      0.00000000    0.99991148    0.00000000    0.00000000    0.00000000    0.99991148
         7.000      0.00000000    0.99991313    0.00000000    0.00000000    0.00000000    0.99991313
         8.000      0.00000000    0.99991049    0.00000000    0.00000000    0.00000000    0.99991049
         9.000      0.00000000    0.99990910    0.00000000    0.00000000    0.00000000    0.99990910
        10.000      0.00000000    0.99990815    0.00000000    0.00000000    0.00000000    0.99990815
        11.000      0.00000000    0.99990625    0.00000000    0.00000000    0.00000000    0.99990625
        12.000      0.00000000    0.99990687    0.00000000    0.00000000    0.00000000    0.99990687
        13.000      0.00000000    0.99990260    0.00000000    0.00000000    0.00000000    0.99990260
        14.000      0.00000000    0.99990209    0.00000000    0.00000000    0.00000000    0.99990209
        15.000      0.00000000    0.99990228    0.00000000    0.00000000    0.00000000    0.99990228
        16.000      0.00000000    0.99990023    0.00000000    0.00000000    0.00000000    0.99990023
        17.000      0.00000000    0.99990407    0.00000000    0.00000000    0.00000000    0.99990407
        18.000      0.00000000    0.99989960    0.00000000    0.00000000    0.00000000    0.99989960
        19.000      0.00000000    0.99990226    0.00000000    0.00000000    0.00000000    0.99990226
        20.000      0.00000000    0.99990267    0.00000000    0.00000000    0.00000000    0.99990267
        21.000      0.00000000    0.99990693    0.00000000    0.00000000    0.00000000    0.99990693
        22.000      0.00000000    0.99990182    0.00000000    0.00000000    0.00000000    0.99990182
        23.000      0.00000000    0.99990105    0.00000001    0.00000000    0.00000000    0.99990106
        24.000      0.00000000    0.99990017    0.00000004    0.00000000    0.00000003    0.99990017
        25.000      0.00000000    0.99990758    0.00000016    0.00000000    0.00000021    0.99990753
        26.000      0.00000000    0.99989752    0.00000077    0.00000000    0.00000101    0.99989729
        27.000      0.00000000    0.99989654    0.00000390    0.00000000    0.00000445    0.99989599
        28.000      0.00000000    0.99987879    0.00001858    0.00000000    0.00001873    0.99987864
        29.000      0.00000000    0.99982079    0.00008082    0.00000000    0.00007419    0.99982742
        30.000      0.00000000    0.99958510    0.00031596    0.00000000    0.00026896    0.99963209
        31.000      0.00000000    0.99879292    0.00110097    0.00000000    0.00088297    0.99901092
        32.000      0.00000000    0.99652413    0.00336833    0.00000000    0.00261787    0.99727459
        33.000      0.00000000    0.99089487    0.00899456    0.00000000    0.00694353    0.99294590
        34.000      0.00000000    0.97875339    0.02113422    0.00000000    0.01646550    0.98342211
        35.000      0.00000000    0.95494528    0.04493653    0.00000000    0.03484191    0.96503990
        36.000      0.00000000    0.91029417    0.08956856    0.00000000    0.06578202    0.93408072
        37.000      0.00000000    0.83416259    0.16568373    0.00000000    0.11129148    0.88855485
        38.000      0.00000000    0.73217560    0.26766148    0.00000000    0.17027570    0.82956138
        39.000      0.00000000    0.63691327    0.36289773    0.00000000    0.23893916    0.76087184
        40.000      0.00000000    0.57785871    0.42198092    0.00000000    0.31259735    0.68724228
        41.000      0.00000000    0.55361217    0.44623347    0.00000000    0.38658516    0.61326048
        42.000      0.00000000    0.54837933    0.45147683    0.00000000    0.45608027    0.54377589
        43.000      0.00000000    0.55259537    0.44728655    0.00000000    0.51557153    0.48431038
        44.000      0.00000000    0.56294977    0.43695444    0.00000000    0.56006419    0.43984003
        45.000      0.00000000    0.57625341    0.42365310    0.00000000    0.58751186    0.41239465
        46.000      0.00000000    0.58835402    0.41155860    0.00000000    0.60020979    0.39970282
        47.000      0.00000000    0.59634376    0.40356060    0.00000000    0.60346261    0.39644175
        48.000      0.00000000    0.60002471    0.39986704    0.00000000    0.60274139    0.39715036
        49.000      0.00000000    0.60096904    0.39888648    0.00000000    0.60144767    0.39840784
        50.000      0.00000000    0.60089402    0.39893365    0.00000000    0.60075685    0.39907082
        51.000      0.00000000    0.60068548    0.39909964    0.00000000    0.60055989    0.39922523
        52.000      0.00000000    0.60057394    0.39914753    0.00000000    0.60053713    0.39918433
        53.000      0.00000000    0.60054436    0.39913391    0.00000000    0.60054341    0.39913486
        54.000      0.00000000    0.60054897    0.39910094    0.00000000    0.60055189    0.39909802
        55.000      0.00000000    0.60055049    0.39907443    0.00000000    0.60055136    0.39907356
        56.000      0.00000000    0.60056807    0.39909572    0.00000000    0.60056808    0.39909572
        57.000      0.00000000    0.60058992    0.39914306    0.00000000    0.60058987    0.39914311
        58.000      0.00000000    0.60060899    0.39918918    0.00000000    0.60060898    0.39918919
        59.000      0.00000000    0.60065374    0.39920756    0.00000000    0.60065374    0.39920756
        60.000      0.00000000    0.60066771    0.39921393    0.00000000    0.60066771    0.39921393
        61.000      0.00000000    0.60069169    0.39921063    0.00000000    0.60069169    0.39921063
        62.000      0.00000000    0.60070709    0.39919955    0.00000000    0.60070709    0.39919955
        63.000      0.00000000    0.60071072    0.39918715    0.00000000    0.60071072    0.39918715
        64.000      0.00000000    0.60069526    0.39918057    0.00000000    0.60069526    0.39918057
        65.000      0.00000000    0.60064990    0.39917316    0.00000000    0.60064990    0.39917316
        66.000      0.00000000    0.60062946    0.39916936    0.00000000    0.60062946    0.39916936
        67.000      0.00000000    0.60059672    0.39916290    0.00000000    0.60059672    0.39916290
        68.000      0.00000000    0.60059759    0.39916348    0.00000000    0.60059759    0.39916348
        69.000      0.00000000    0.60057278    0.39916538    0.00000000    0.60057278    0.39916538
        70.000      0.00000000    0.60058019    0.39917250    0.00000000    0.60058019    0.39917250
        71.000      0.00000000    0.60055175    0.39918285    0.00000000    0.60055175    0.39918285
        72.000      0.00000000    0.60054411    0.39919235    0.00000000    0.60054411    0.39919234
        73.000      0.00000000    0.60048754    0.39919704    0.00000000    0.60048756    0.39919702
        74.000      0.00000000    0.60041612    0.39920027    0.00000000    0.60041619    0.39920020
        75.000      0.00000000    0.60034301    0.39920584    0.00000000    0.60034344    0.39920541
        76.000      0.00000000    0.60014285    0.39921704    0.00000000    0.60014481    0.39921508
        77.000      0.00000000    0.60018148    0.39924218    0.00000000    0.60018850    0.39923516
        78.000      0.00000000    0.60022637    0.39927402    0.00000000    0.60024503    0.39925536
        79.000      0.00000000    0.60021983    0.39933368    0.00000000    0.60025407    0.39929944
        80.000      0.00000000    0.60016659    0.39943038    0.00000000    0.60020366    0.39939330

# ------ Host: "cpn-p27-15" ----------Thu Jun 15 14:53:15 2023
                 
