 ------ Host: "cpn-p27-15" ----------Thu Jun 15 14:52:07 2023
           
 /user/mrecio/QUANTICS/ferretti
 ---------------------------------------------------------------------------
  
 Subroutine         Calls N       cpu/N          cpu     %cpu        Clock
 PropWF                   1     38.5197         38.520    99.1         43.794
 BS                    1152      0.0311         35.843    92.2         35.994
 Funkphi-x            11532      0.0025         29.388    75.6         29.511
 Funkphi-y            11344      0.0005          5.567    14.3          5.575
 HunPhi                 539      0.0022          1.207     3.1          1.208
 Funk1                  358      0.0029          1.035     2.7          1.035
 Output                 161      0.0036          0.578     1.5          0.584
 Funk2                  181      0.0024          0.429     1.1          0.429
 GenOPER                  1      0.0910          0.091     0.2          0.438
 Funk3                  180      0.0012          0.209     0.5          0.209
 Project                538      0.0003          0.147     0.4          0.147
 GenDVR                   1      0.1070          0.107     0.3          0.152
 Init_WF                  1      0.0180          0.018     0.0          0.157
 Funk0                  179      0.0005          0.084     0.2          0.084
 Summf                  359      0.0002          0.082     0.2          0.083
 CalcOPs                  1      0.0310          0.031     0.1          0.121
 SIL                    537      0.0001          0.071     0.2          0.076
 Dicht1Phi              538      0.0001          0.054     0.1          0.054
 Density                359      0.0001          0.046     0.1          0.047
 Funka                 1774      0.0000          0.038     0.1          0.038
 PhiHPhi                360      0.0001          0.032     0.1          0.032
 Calcha                1774      0.0000          0.020     0.1          0.020
 PhiHunPhi              181      0.0001          0.015     0.0          0.016
 Mfields                359      0.0000          0.009     0.0          0.009
 HPhi                   718      0.0000          0.007     0.0          0.007
 AddHunPhi              538      0.0000          0.007     0.0          0.007
 Hlochphi               538      0.0000          0.001     0.0          0.001

Total (cpu,wall)       38.880       48.153   (     0h :  0m :  48s)


 ---------------------------------------------------------------------------
 ------ Host: "cpn-p27-15" ----------Thu Jun 15 14:52:55 2023
           
