#Update-step  Updatetime     Error of A        Error of phi      Time in fs
     1        0.50000000     0.992303E-015     0.115122E-034        0.0000
     2        0.50000000     0.992308E-015     0.780707E-032        0.5000
     3        0.50000000     0.992312E-015     0.849062E-035        1.0000
     4        0.50000000     0.992317E-015     0.822366E-033        1.5000
     5        0.50000000     0.992322E-015     0.832526E-032        2.0000
     6        0.50000000     0.992327E-015     0.666459E-032        2.5000
     7        0.50000000     0.992332E-015     0.107448E-031        3.0000
     8        0.50000000     0.992337E-015     0.289147E-015        3.5000
     9        0.50000000     0.992342E-015     0.702486E-015        4.0000
    10        0.50000000     0.992347E-015     0.247112E-031        4.5000
    11        0.50000000     0.992352E-015     0.793138E-031        5.0000
    12        0.50000000     0.992357E-015     0.731795E-031        5.5000
    13        0.50000000     0.992362E-015     0.955918E-031        6.0000
    14        0.50000000     0.992367E-015     0.959410E-031        6.5000
    15        0.50000000     0.992372E-015     0.112505E-030        7.0000
    16        0.50000000     0.992377E-015     0.933956E-031        7.5000
    17        0.50000000     0.992382E-015     0.996892E-031        8.0000
    18        0.50000000     0.992388E-015     0.152821E-030        8.5000
    19        0.50000000     0.992394E-015     0.174760E-030        9.0000
    20        0.50000000     0.992400E-015     0.239610E-030        9.5000
    21        0.50000000     0.992408E-015     0.470403E-030       10.0000
    22        0.50000000     0.992419E-015     0.125523E-029       10.5000
    23        0.50000000     0.992436E-015     0.419538E-029       11.0000
    24        0.50000000     0.992466E-015     0.165837E-028       11.5000
    25        0.50000000     0.992524E-015     0.657845E-028       12.0000
    26        0.50000000     0.992644E-015     0.273456E-027       12.5000
    27        0.50000000     0.992903E-015     0.117502E-026       13.0000
    28        0.50000000     0.993478E-015     0.517692E-026       13.5000
    29        0.50000000     0.994782E-015     0.232261E-025       14.0000
    30        0.50000000     0.997790E-015     0.105448E-024       14.5000
    31        0.50000000     0.100484E-014     0.483087E-024       15.0000
    32        0.50000000     0.102154E-014     0.222770E-023       15.5000
    33        0.50000000     0.106157E-014     0.103123E-022       16.0000
    34        0.50000000     0.115840E-014     0.477601E-022       16.5000
    35        0.50000000     0.139430E-014     0.220611E-021       17.0000
    36        0.50000000     0.197244E-014     0.101489E-020       17.5000
    37        0.50000000     0.339507E-014     0.466892E-020       18.0000
    38        0.50000000     0.690306E-014     0.219294E-019       18.5000
    39        0.50000000     0.155516E-013     0.112211E-018       19.0000
    40        0.50000000     0.368031E-013     0.715714E-018       19.5000
    41        0.50000000     0.885931E-013     0.636465E-017       20.0000
    42        0.50000000     0.212609E-012     0.735156E-016       20.5000
    43        0.50000000     0.498721E-012     0.945912E-015       21.0000
    44        0.50000000     0.110592E-011     0.122731E-013       21.5000
    45        0.50000000     0.215484E-011     0.149675E-012       22.0000
    46        0.50000000     0.320021E-011     0.143820E-011       22.5000
    47        0.50000000     0.394740E-011     0.447852E-011       23.0000
    48        0.50000000     0.239989E-011     0.605032E-011       23.5000
    49        0.50000000     0.155898E-012     0.425235E-010       24.0000
    50        0.50000000     0.107858E-011     0.925067E-010       24.5000
    51        0.50000000     0.320089E-011     0.210114E-009       25.0000
    52        0.50000000     0.571253E-011     0.501758E-009       25.5000
    53        0.50000000     0.928471E-011     0.127418E-008       26.0000
    54        0.50000000     0.197557E-010     0.352445E-008       26.5000
    55        0.50000000     0.752835E-010     0.118737E-007       27.0000
    56        0.50000000     0.470042E-009     0.561668E-007       27.5000
    57        0.50000000     0.210489E-008     0.212206E-006       28.0000
    58        0.50000000     0.365567E-008     0.225492E-006       28.5000
    59        0.50000000     0.413372E-008     0.130695E-006       29.0000
    60        0.50000000     0.397030E-008     0.136645E-006       29.5000
    61        0.50000000     0.449906E-008     0.210505E-006       30.0000
    62        0.50000000     0.182465E-007     0.318808E-006       30.5000
    63        0.50000000     0.274668E-006     0.428865E-006       31.0000
    64        0.50000000     0.700727E-006     0.616829E-006       31.5000
    65        0.50000000     0.329069E-007     0.351184E-006       32.0000
    66        0.50000000     0.337595E-007     0.315770E-006       32.5000
    67        0.50000000     0.531991E-007     0.457235E-006       33.0000
    68        0.50000000     0.863369E-007     0.500874E-006       33.5000
    69        0.50000000     0.131698E-006     0.481681E-006       34.0000
    70        0.50000000     0.187928E-006     0.453690E-006       34.5000
    71        0.50000000     0.277239E-006     0.429864E-006       35.0000
    72        0.50000000     0.889347E-006     0.427608E-006       35.5000
    73                       0.692273E-005
    73        0.25000000     0.485049E-006     0.501961E-007       36.0000
    74        0.25000000     0.305728E-006     0.350350E-006       36.2500
    75        0.25000000     0.191162E-007     0.133535E-006       36.5000
    76        0.25000000     0.354336E-008     0.372407E-007       36.7500
    77        0.25000000     0.175331E-008     0.199218E-007       37.0000
    78        0.25000000     0.135623E-008     0.172471E-007       37.2500
    79        0.50000000     0.469310E-007     0.307681E-006       37.5000
    80        0.50000000     0.769883E-007     0.564361E-006       38.0000
    81        0.50000000     0.174930E-006     0.105365E-005       38.5000
    82        0.25000000     0.164542E-007     0.105406E-006       39.0000
    83        0.25000000     0.242099E-007     0.127201E-006       39.2500
    84        0.25000000     0.327937E-007     0.147524E-006       39.5000
    85        0.25000000     0.406799E-007     0.163925E-006       39.7500
    86        0.25000000     0.460519E-007     0.174131E-006       40.0000
    87        0.25000000     0.475820E-007     0.176635E-006       40.2500
    88        0.25000000     0.452493E-007     0.171205E-006       40.5000
    89        0.25000000     0.409126E-007     0.159153E-006       40.7500
    90        0.25000000     0.384141E-007     0.143141E-006       41.0000
    91        0.25000000     0.428132E-007     0.126467E-006       41.2500
    92        0.25000000     0.599660E-007     0.112053E-006       41.5000
    93        0.25000000     0.100762E-006     0.101875E-006       41.7500
    94        0.25000000     0.195460E-006     0.992522E-007       42.0000
    95        0.25000000     0.414656E-006     0.119670E-006       42.2500
    96        0.25000000     0.752946E-006     0.234089E-006       42.5000
    97        0.25000000     0.586475E-006     0.524210E-006       42.7500
    98        0.25000000     0.127246E-006     0.434455E-006       43.0000
    99        0.25000000     0.232677E-007     0.189681E-006       43.2500
   100        0.25000000     0.670823E-008     0.922064E-007       43.5000
   101        0.25000000     0.292487E-008     0.542653E-007       43.7500
   102        0.25000000     0.174360E-008     0.364572E-007       44.0000
   103        0.25000000     0.129949E-008     0.267200E-007       44.2500
   104        0.25000000     0.111905E-008     0.207706E-007       44.5000
   105        0.25000000     0.104605E-008     0.168170E-007       44.7500
   106        0.50000000     0.204813E-007     0.213485E-006       45.0000
   107        0.50000000     0.172595E-007     0.153602E-006       45.5000
   108        0.50000000     0.142947E-007     0.113384E-006       46.0000
   109        0.50000000     0.113117E-007     0.836985E-007       46.5000
   110        0.50000000     0.852903E-008     0.610196E-007       47.0000
   111        0.50000000     0.621093E-008     0.438166E-007       47.5000
   112        0.50000000     0.448741E-008     0.310176E-007       48.0000
   113        0.50000000     0.331964E-008     0.216345E-007       48.5000
   114        0.50000000     0.254372E-008     0.148268E-007       49.0000
   115        0.50000000     0.196417E-008     0.997143E-008       49.5000
   116        0.50000000     0.146473E-008     0.664549E-008       50.0000
   117        0.50000000     0.104134E-008     0.450136E-008       50.5000
   118        0.50000000     0.720855E-009     0.317932E-008       51.0000
   119        0.50000000     0.494032E-009     0.236368E-008       51.5000
   120        0.50000000     0.329691E-009     0.185598E-008       52.0000
   121        0.50000000     0.206715E-009     0.156125E-008       52.5000
   122        0.50000000     0.120131E-009     0.142445E-008       53.0000
   123        0.50000000     0.703043E-010     0.139036E-008       53.5000
   124        0.50000000     0.534443E-010     0.140392E-008       54.0000
   125        0.50000000     0.598172E-010     0.141538E-008       54.5000
   126        0.50000000     0.768791E-010     0.137830E-008       55.0000
   127        0.50000000     0.934509E-010     0.126027E-008       55.5000
   128        0.50000000     0.102833E-009     0.106780E-008       56.0000
   129        0.50000000     0.103567E-009     0.852139E-009       56.5000
   130        0.50000000     0.976421E-010     0.678423E-009       57.0000
   131        0.50000000     0.878802E-010     0.588929E-009       57.5000
   132        0.50000000     0.763922E-010     0.588286E-009       58.0000
   133        0.50000000     0.644005E-010     0.645074E-009       58.5000
   134        0.50000000     0.527364E-010     0.706726E-009       59.0000
   135        0.50000000     0.422726E-010     0.730383E-009       59.5000
   136        0.50000000     0.337262E-010     0.703151E-009       60.0000
   137        0.50000000     0.270481E-010     0.634736E-009       60.5000
   138        0.50000000     0.214016E-010     0.554890E-009       61.0000
   139        0.50000000     0.161192E-010     0.520088E-009       61.5000
   140        0.50000000     0.117151E-010     0.579064E-009       62.0000
   141        0.50000000     0.985528E-011     0.728634E-009       62.5000
   142        0.50000000     0.123161E-010     0.936649E-009       63.0000
   143        0.50000000     0.199548E-010     0.119315E-008       63.5000
   144        0.50000000     0.324642E-010     0.151259E-008       64.0000
   145        0.50000000     0.488288E-010     0.191926E-008       64.5000
   146        0.50000000     0.678628E-010     0.245325E-008       65.0000
   147        0.50000000     0.884131E-010     0.316038E-008       65.5000
   148        0.50000000     0.109271E-009     0.407355E-008       66.0000
   149        0.50000000     0.129118E-009     0.523683E-008       66.5000
   150        0.50000000     0.146660E-009     0.674400E-008       67.0000
   151        0.50000000     0.160900E-009     0.872480E-008       67.5000
   152        0.50000000     0.171511E-009     0.113239E-007       68.0000
   153        0.50000000     0.179356E-009     0.147299E-007       68.5000
   154        0.50000000     0.187149E-009     0.192133E-007       69.0000
   155        0.50000000     0.200494E-009     0.251322E-007       69.5000
   156        0.50000000     0.229808E-009     0.329643E-007       70.0000
   157        0.50000000     0.294396E-009     0.433948E-007       70.5000
   158        0.50000000     0.430605E-009     0.574016E-007       71.0000
   159        0.50000000     0.706510E-009     0.762518E-007       71.5000
   160        0.50000000     0.124297E-008     0.101267E-006       72.0000
   161        0.50000000     0.223155E-008     0.133327E-006       72.5000
   162        0.50000000     0.392336E-008     0.172384E-006       73.0000
   163        0.50000000     0.655560E-008     0.217437E-006       73.5000
   164        0.50000000     0.102081E-007     0.267102E-006       74.0000
   165        0.50000000     0.146463E-007     0.320568E-006       74.5000
   166        0.50000000     0.192622E-007     0.378671E-006       75.0000
   167        0.50000000     0.232483E-007     0.445020E-006       75.5000
   168        0.50000000     0.261202E-007     0.527088E-006       76.0000
   169        0.50000000     0.287323E-007     0.636524E-006       76.5000
   170        0.50000000     0.350273E-007     0.787062E-006       77.0000
   171        0.50000000     0.544600E-007     0.988203E-006       77.5000
   172        0.50000000     0.102863E-006     0.123496E-005       78.0000
   173        0.25000000     0.865950E-008     0.901052E-007       78.5000
   174        0.25000000     0.117609E-007     0.977775E-007       78.7500
   175        0.25000000     0.154363E-007     0.104785E-006       79.0000
   176        0.25000000     0.194929E-007     0.110907E-006       79.2500
   177        0.25000000     0.236563E-007     0.116083E-006       79.5000
   178        0.25000000     0.276195E-007     0.120434E-006       79.7500
