#    time[fs]         Re(autocorrel)     Im(autocorrel)     Abs(autocorrel)
     0.00000000       1.00000000000000   0.00000000000000   1.00000000000000
     1.00000000      -0.52941101330298  -0.35510471241048   0.63747578603632
     2.00000000      -0.01606298448000   0.18821121505551   0.18889542329838
     3.00000000       0.04040021160300  -0.00131125515787   0.04042148547068
     4.00000000       0.00381283490746  -0.01070484359644   0.01136359918581
     5.00000000      -0.00137636380392   0.00076166512662   0.00157305787746
     6.00000000      -0.00052878349664  -0.00111847391776   0.00123717253891
     7.00000000      -0.00036901002837  -0.00021658895796   0.00042787752657
     8.00000000      -0.00002241233068  -0.00036057948714   0.00036127535082
     9.00000000       0.00023207542810  -0.00000159933299   0.00023208093888
     10.0000000      -0.00007373906195   0.00027185848265   0.00028168152912
     11.0000000      -0.00011662153256  -0.00000307387172   0.00011666203558
     12.0000000      -0.00026254978007   0.00002966599502   0.00026422047286
     13.0000000      -0.00003958299182  -0.00029541150105   0.00029805162001
     14.0000000       0.00017993055153  -0.00037287625915   0.00041401897059
     15.0000000       0.00036268336199  -0.00003975204644   0.00036485537718
     16.0000000       0.00035447565027  -0.00007441212643   0.00036220181003
     17.0000000       0.00002106511429   0.00011917662810   0.00012102399648
     18.0000000       0.00003709212621   0.00001174473573   0.00003890712845
     19.0000000      -0.00000239981615  -0.00000172707317   0.00000295667030
     20.0000000      -0.00000000202251   0.00000001199613   0.00000001216543
     21.0000000      -0.00000000108263  -0.00000000116376   0.00000000158947
     22.0000000       0.00000000000172  -0.00000000000097   0.00000000000198
     23.0000000       0.00000000000018  -0.00000000000010   0.00000000000021
