Time in fs:      0.00000
Integrator initialized
Complete equation: Runge-Kutta order 5
   Step        Accepted?    Stepsize [fs]      Error (scaled)       Time [fs]
      1            0        0.104782E-02       0.147297E+01             0.000
      2            1        0.833901E-03       0.253532E+00             0.000
      3            1        0.851394E-03       0.892545E-01             0.001
      4            1        0.103301E-02       0.413395E-06             0.002
      5            1        0.969987E-02       0.556584E-02             0.003
      6            1        0.103396E-01       0.274978E+00             0.012
      7            1        0.889335E-02       0.131157E+00             0.023
      8            1        0.760489E-02       0.348756E-01             0.032
      9            1        0.790780E-02       0.242993E-01             0.039
     10            1        0.110567E-01       0.748921E-01             0.047
     11            1        0.943789E-02       0.300143E-01             0.058
     12            1        0.131258E-01       0.118075E+00             0.068
     13            1        0.139435E-01       0.133208E+00             0.081
     14            1        0.153287E-01       0.177439E+00             0.095
     15            1        0.161275E-01       0.202111E+00             0.110
     16            1        0.167880E-01       0.231507E+00             0.126
     17            1        0.171658E-01       0.253106E+00             0.143
     18            1        0.173822E-01       0.270135E+00             0.160
     19            1        0.174698E-01       0.280487E+00             0.178
     20            1        0.174914E-01       0.285395E+00             0.195
     21            1        0.131158E-01       0.692139E-01             0.212
     22            1        0.125216E-01       0.547051E-01             0.226
     23            1        0.156755E-01       0.163752E+00             0.238
     24            1        0.121007E-01       0.444951E-01             0.254
     25            1        0.162400E-01       0.185305E+00             0.266
     26            1        0.162329E-01       0.177259E+00             0.282
     27            1        0.173088E-01       0.231536E+00             0.298
     28            1        0.176054E-01       0.237917E+00             0.316
     29            1        0.180159E-01       0.251058E+00             0.333
     30            1        0.182882E-01       0.254264E+00             0.351
     31            1        0.185644E-01       0.257610E+00             0.370
     32            1        0.188126E-01       0.259247E+00             0.388
     33            1        0.190535E-01       0.260902E+00             0.407
     34            1        0.192815E-01       0.262326E+00             0.426
     35            1        0.194991E-01       0.263697E+00             0.445
     36            1        0.147796E-01       0.640203E-01             0.465
     37            1        0.190042E-01       0.214416E+00             0.480
     38            1        0.141925E-02       0.497104E-06             0.499
Time in fs:      0.50000
Integrator initialized
Complete equation: Runge-Kutta order 5
   Step        Accepted?    Stepsize [fs]      Error (scaled)       Time [fs]
      1            1        0.120279E-02       0.216630E-06             0.500
      2            1        0.120279E-01       0.212035E-01             0.501
      3            1        0.136181E-01       0.383130E-01             0.513
      4            1        0.172752E-01       0.121406E+00             0.527
      5            1        0.184440E-01       0.162614E+00             0.544
      6            1        0.196222E-01       0.213979E+00             0.563
      7            1        0.201581E-01       0.236674E+00             0.582
      8            1        0.205816E-01       0.254058E+00             0.602
      9            1        0.208461E-01       0.262197E+00             0.623
     10            1        0.210608E-01       0.267331E+00             0.644
     11            1        0.212344E-01       0.269865E+00             0.665
     12            1        0.213917E-01       0.271283E+00             0.686
     13            1        0.215392E-01       0.271922E+00             0.707
     14            1        0.216835E-01       0.272151E+00             0.729
     15            1        0.218277E-01       0.272106E+00             0.751
     16            1        0.219742E-01       0.271904E+00             0.773
     17            1        0.221244E-01       0.271617E+00             0.794
     18            1        0.222789E-01       0.271318E+00             0.817
     19            1        0.224378E-01       0.271076E+00             0.839
     20            1        0.226002E-01       0.270963E+00             0.861
     21            1        0.227646E-01       0.271056E+00             0.884
     22            1        0.229285E-01       0.271422E+00             0.907
     23            1        0.230886E-01       0.272110E+00             0.930
     24            1        0.232411E-01       0.273138E+00             0.953
     25            1        0.233819E-01       0.274468E+00             0.976
     26            1        0.666362E-03       0.494315E-08             0.999
Time in fs:      1.00000
Integrator initialized
Complete equation: Runge-Kutta order 5
   Step        Accepted?    Stepsize [fs]      Error (scaled)       Time [fs]
      1            1        0.128172E-02       0.130212E-06             1.000
      2            1        0.128172E-01       0.131116E-01             1.001
      3            1        0.157474E-01       0.365030E-01             1.014
      4            1        0.197578E-01       0.112701E+00             1.030
      5            1        0.213217E-01       0.163269E+00             1.050
      6            1        0.226009E-01       0.216526E+00             1.071
      7            1        0.231752E-01       0.243784E+00             1.094
      8            0        0.235544E-01       0.934385E+02             1.117
      9            1        0.568536E-02       0.576626E+00             1.117
     10            1        0.501540E-02       0.115543E-03             1.122
     11            1        0.194757E-01       0.100054E+00             1.127
     12            1        0.170366E-01       0.513607E-01             1.147
     13            1        0.218778E-01       0.178160E+00             1.164
     14            1        0.221416E-01       0.183917E+00             1.186
     15            1        0.234248E-01       0.251781E+00             1.208
     16            1        0.235237E-01       0.256995E+00             1.231
     17            1        0.238385E-01       0.275140E+00             1.255
     18            1        0.238985E-01       0.279090E+00             1.279
     19            1        0.239659E-01       0.689144E+00             1.303
     20            1        0.206220E-01       0.133628E+00             1.327
     21            1        0.243153E-01       0.304481E+00             1.347
     22            1        0.233415E-01       0.251270E+00             1.372
     23            1        0.239258E-01       0.290054E+00             1.395
     24            1        0.237503E-01       0.292316E+00             1.419
     25            1        0.236806E-01       0.304890E+00             1.443
     26            1        0.234499E-01       0.316381E+00             1.466
     27            1        0.103288E-01       0.565862E-02             1.490
Time in fs:      1.50000
Integrator initialized
Complete equation: Runge-Kutta order 5
   Step        Accepted?    Stepsize [fs]      Error (scaled)       Time [fs]
      1            1        0.127884E-02       0.178223E-06             1.500
      2            1        0.127884E-01       0.175357E-01             1.501
      3            1        0.149544E-01       0.414514E-01             1.514
      4            0        0.185764E-01       0.106837E+01             1.529
      5            1        0.156135E-01       0.422876E+00             1.529
      6            1        0.135258E-01       0.304612E-01             1.545
      7            1        0.201092E-01       0.237679E+00             1.558
      8            1        0.189777E-01       0.188153E+00             1.578
      9            1        0.202319E-01       0.245500E+00             1.597
     10            1        0.204233E-01       0.259862E+00             1.617
     11            1        0.206368E-01       0.307098E+00             1.638
     12            1        0.203148E-01       0.329098E+00             1.659
     13            1        0.198965E-01       0.358458E+00             1.679
     14            1        0.192591E-01       0.259924E+00             1.699
     15            1        0.197564E-01       0.247439E+00             1.718
     16            1        0.201758E-01       0.769386E+00             1.738
     17            1        0.169568E-01       0.897827E-01             1.758
     18            1        0.214865E-01       0.262907E+00             1.775
     19            1        0.208136E-01       0.202171E+00             1.796
     20            1        0.220082E-01       0.247513E+00             1.817
     21            0        0.222495E-01       0.852727E+02             1.839
     22            0        0.545455E-02       0.462975E+01             1.839
     23            0        0.258149E-02       0.254137E+01             1.839
     24            0        0.135290E-02       0.142120E+01             1.839
     25            1        0.665259E-03       0.713873E+00             1.839
     26            1        0.566289E-03       0.658975E-07             1.840
     27            1        0.566289E-02       0.715498E-02             1.840
     28            1        0.771211E-02       0.307378E-01             1.846
     29            1        0.972461E-02       0.807651E-01             1.854
     30            1        0.110299E-01       0.872015E-01             1.864
     31            1        0.128348E-01       0.799896E-01             1.875
     32            1        0.152024E-01       0.107742E+00             1.887
     33            1        0.170588E-01       0.181879E+00             1.903
     34            1        0.177214E-01       0.229249E+00             1.920
     35            1        0.180741E-01       0.252266E+00             1.937
     36            1        0.183051E-01       0.276687E+00             1.955
     37            1        0.183201E-01       0.330060E+00             1.974
     38            1        0.791478E-02       0.493935E-02             1.992
Time in fs:      2.00000
Integrator initialized
Complete equation: Runge-Kutta order 5
   Step        Accepted?    Stepsize [fs]      Error (scaled)       Time [fs]
      1            1        0.121980E-02       0.422244E-06             2.000
      2            1        0.119576E-01       0.394624E-01             2.001
      3            1        0.121818E-01       0.471202E-01             2.013
      4            1        0.152945E-01       0.162873E+00             2.025
      5            1        0.156627E-01       0.205518E+00             2.041
      6            1        0.162022E-01       0.273014E+00             2.056
      7            1        0.161197E-01       0.298711E+00             2.073
      8            1        0.159746E-01       0.316802E+00             2.089
      9            1        0.157299E-01       0.329477E+00             2.105
     10            1        0.154222E-01       0.347376E+00             2.120
     11            1        0.150087E-01       0.372325E+00             2.136
     12            1        0.144656E-01       0.400827E+00             2.151
     13            1        0.138067E-01       0.385155E+00             2.165
     14            0        0.133066E-01       0.330510E+01             2.179
     15            1        0.784594E-02       0.917087E+00             2.179
     16            1        0.651448E-02       0.684550E-02             2.187
     17            1        0.128759E-01       0.173449E+00             2.193
     18            1        0.120768E-01       0.958991E-01             2.206
     19            1        0.142570E-01       0.177382E+00             2.218
     20            1        0.148049E-01       0.177635E+00             2.233
     21            1        0.157529E-01       0.224194E+00             2.247
     22            1        0.161122E-01       0.242391E+00             2.263
     23            1        0.164146E-01       0.267791E+00             2.279
     24            1        0.164932E-01       0.268395E+00             2.296
     25            1        0.166320E-01       0.279259E+00             2.312
     26            1        0.166607E-01       0.279767E+00             2.329
     27            1        0.167108E-01       0.279050E+00             2.345
     28            1        0.167696E-01       0.274381E+00             2.362
     29            0        0.168752E-01       0.658960E+01             2.379
     30            0        0.884871E-02       0.145560E+01             2.379
     31            1        0.599792E-02       0.977061E+00             2.379
     32            1        0.486035E-02       0.498737E-03             2.385
     33            1        0.150330E-01       0.143560E+00             2.390
     34            1        0.131124E-01       0.666230E-01             2.405
     35            1        0.163443E-01       0.184291E+00             2.418
     36            1        0.166186E-01       0.174416E+00             2.434
     37            1        0.177650E-01       0.204189E+00             2.451
     38            1        0.184477E-01       0.199064E+00             2.469
     39            1        0.128536E-01       0.252051E-01             2.487
Time in fs:      2.50000
Integrator initialized
Complete equation: Runge-Kutta order 5
   Step        Accepted?    Stepsize [fs]      Error (scaled)       Time [fs]
      1            1        0.125549E-02       0.177594E-06             2.500
      2            1        0.125549E-01       0.187500E-01             2.501
      3            1        0.145152E-01       0.561308E-01             2.514
      4            1        0.171711E-01       0.678161E-01             2.528
      5            1        0.205522E-01       0.149967E+00             2.545
      6            1        0.216576E-01       0.173106E+00             2.566
      7            0        0.229910E-01       0.152055E+02             2.588
      8            0        0.888943E-02       0.243760E+01             2.588
      9            0        0.551986E-02       0.138738E+01             2.588
     10            1        0.320636E-02       0.783908E+00             2.588
     11            1        0.264812E-02       0.348464E-04             2.591
     12            1        0.127632E-01       0.154444E-01             2.594
     13            1        0.152507E-01       0.363351E-01             2.606
     14            1        0.192754E-01       0.117660E+00             2.622
     15            1        0.206456E-01       0.160468E+00             2.641
     16            1        0.219865E-01       0.227632E+00             2.661
     17            1        0.223388E-01       0.252701E+00             2.683
     18            0        0.226113E-01       0.935617E+01             2.706
     19            1        0.111706E-01       0.416859E+00             2.706
     20            1        0.104280E-01       0.546686E-02             2.717
     21            1        0.207494E-01       0.184348E+00             2.727
     22            1        0.190886E-01       0.123977E+00             2.748
     23            1        0.216247E-01       0.238302E+00             2.767
     24            1        0.215770E-01       0.241999E+00             2.789
     25            1        0.220418E-01       0.274231E+00             2.810
     26            1        0.220566E-01       0.276341E+00             2.833
     27            1        0.221532E-01       0.993067E+00             2.855
     28            1        0.179072E-01       0.971222E-01             2.877
     29            0        0.226194E-01       0.437188E+01             2.895
     30            0        0.127176E-01       0.119938E+01             2.895
     31            1        0.890883E-02       0.762196E+00             2.895
     32            1        0.722405E-02       0.948920E-03             2.904
     33            1        0.198314E-01       0.144126E+00             2.911
     34            1        0.177368E-01       0.821336E-01             2.931
     35            1        0.213391E-01       0.203734E+00             2.948
     36            1        0.215097E-01       0.208273E+00             2.970
     37            1        0.883172E-02       0.325018E-02             2.991
Time in fs:      3.00000
Integrator initialized
Complete equation: Runge-Kutta order 5
   Step        Accepted?    Stepsize [fs]      Error (scaled)       Time [fs]
      1            1        0.124796E-02       0.135397E-06             3.000
      2            1        0.124796E-01       0.133756E-01             3.001
      3            1        0.152808E-01       0.362472E-01             3.014
      4            1        0.192106E-01       0.111346E+00             3.029
      5            1        0.207681E-01       0.157746E+00             3.048
      6            0        0.221325E-01       0.255642E+01             3.069
      7            0        0.160380E-01       0.173442E+01             3.069
      8            0        0.105520E-01       0.110604E+01             3.069
      9            1        0.637014E-02       0.662538E+00             3.069
     10            1        0.539362E-02       0.786305E-03             3.075
     11            1        0.152019E-01       0.342490E-01             3.081
     12            1        0.172286E-01       0.628757E-01             3.096
     13            1        0.204792E-01       0.150268E+00             3.113
     14            1        0.215082E-01       0.219644E+00             3.134
     15            0        0.219283E-01       0.398386E+01             3.155
     16            1        0.125254E-01       0.964464E+00             3.155
     17            1        0.100821E-01       0.457411E-02             3.168
     18            1        0.213840E-01       0.195087E+00             3.178
     19            1        0.193455E-01       0.119163E+00             3.199
     20            1        0.221139E-01       0.231954E+00             3.219
     21            1        0.221315E-01       0.228689E+00             3.241
     22            1        0.228021E-01       0.260949E+00             3.263
     23            1        0.229588E-01       0.263497E+00             3.286
     24            1        0.232005E-01       0.274427E+00             3.309
     25            1        0.232925E-01       0.641092E+00             3.332
     26            1        0.202766E-01       0.138717E+00             3.355
     27            1        0.236880E-01       0.307489E+00             3.375
     28            1        0.227354E-01       0.258937E+00             3.399
     29            1        0.231948E-01       0.287139E+00             3.422
     30            1        0.230920E-01       0.289394E+00             3.445
     31            1        0.230543E-01       0.295895E+00             3.468
     32            1        0.895406E-02       0.299405E-02             3.491
Time in fs:      3.50000
Integrator initialized
Complete equation: Runge-Kutta order 5
   Step        Accepted?    Stepsize [fs]      Error (scaled)       Time [fs]
      1            1        0.126314E-02       0.153999E-06             3.500
      2            1        0.126314E-01       0.154060E-01             3.501
      3            0        0.150995E-01       0.117544E+01             3.514
      4            1        0.124867E-01       0.900158E+00             3.514
      5            1        0.914406E-02       0.330903E-02             3.526
      6            1        0.204353E-01       0.187684E+00             3.536
      7            1        0.183699E-01       0.111897E+00             3.556
      8            0        0.211915E-01       0.619115E+01             3.574
      9            0        0.112305E-01       0.138209E+01             3.574
     10            1        0.767974E-02       0.925157E+00             3.574
     11            1        0.605984E-02       0.913593E-03             3.582
     12            1        0.168733E-01       0.723079E-01             3.588
     13            0        0.169429E-01       0.599217E+01             3.605
     14            0        0.902895E-02       0.137777E+01             3.605
     15            1        0.617753E-02       0.912221E+00             3.605
     16            1        0.480158E-02       0.135617E-03             3.611
     17            1        0.184805E-01       0.113120E+00             3.616
     18            1        0.159340E-01       0.513617E-01             3.634
     19            1        0.205625E-01       0.189336E+00             3.650
     20            1        0.205964E-01       0.185216E+00             3.671
     21            1        0.218169E-01       0.627676E+00             3.691
     22            1        0.187631E-01       0.110505E+00             3.713
     23            1        0.227645E-01       0.290248E+00             3.732
     24            1        0.218646E-01       0.251472E+00             3.755
     25            1        0.223660E-01       0.258245E+00             3.777
     26            1        0.226455E-01       0.280737E+00             3.799
     27            1        0.226293E-01       0.270388E+00             3.822
     28            1        0.228341E-01       0.282932E+00             3.844
     29            1        0.228295E-01       0.282535E+00             3.867
     30            1        0.228718E-01       0.285230E+00             3.890
     31            1        0.228759E-01       0.284602E+00             3.913
     32            1        0.228973E-01       0.286732E+00             3.936
     33            1        0.228877E-01       0.286464E+00             3.959
     34            1        0.184581E-01       0.985209E-01             3.982
Time in fs:      4.00000
Integrator initialized
Complete equation: Runge-Kutta order 5
   Step        Accepted?    Stepsize [fs]      Error (scaled)       Time [fs]
      1            1        0.126117E-02       0.148669E-06             4.000
      2            1        0.126117E-01       0.285656E-01             4.001
      3            1        0.135737E-01       0.213922E-01             4.014
      4            1        0.192401E-01       0.122959E+00             4.027
      5            0        0.200253E-01       0.108115E+01             4.047
      6            1        0.167972E-01       0.554095E+00             4.047
      7            1        0.145157E-01       0.297825E-01             4.063
      8            1        0.218991E-01       0.233737E+00             4.078
      9            0        0.207071E-01       0.108434E+01             4.100
     10            1        0.173604E-01       0.454977E+00             4.100
     11            1        0.159173E-01       0.464631E-01             4.117
     12            0        0.220902E-01       0.399099E+01             4.133
     13            0        0.126141E-01       0.106625E+01             4.133
     14            1        0.901480E-02       0.708647E+00             4.133
     15            1        0.718599E-02       0.880875E-03             4.142
     16            0        0.199199E-01       0.359407E+02             4.149
     17            1        0.565605E-02       0.350214E+00             4.149
     18            1        0.433702E-02       0.702229E-04             4.155
     19            1        0.179673E-01       0.866960E-01             4.159
     20            1        0.160119E-01       0.479105E-01             4.177
     21            1        0.206875E-01       0.180195E+00             4.193
     22            1        0.208385E-01       0.206483E+00             4.214
     23            1        0.216265E-01       0.229480E+00             4.235
     24            1        0.221653E-01       0.259301E+00             4.257
     25            1        0.223447E-01       0.265551E+00             4.279
     26            1        0.225445E-01       0.266105E+00             4.301
     27            1        0.227597E-01       0.270646E+00             4.324
     28            1        0.229129E-01       0.268805E+00             4.346
     29            1        0.231095E-01       0.280949E+00             4.369
     30            1        0.231270E-01       0.460171E+00             4.392
     31            1        0.213200E-01       0.183279E+00             4.415
     32            1        0.234420E-01       0.290613E+00             4.437
     33            1        0.229707E-01       0.244300E+00             4.460
     34            1        0.168016E-01       0.541015E-01             4.483
Time in fs:      4.50000
Integrator initialized
Complete equation: Runge-Kutta order 5
   Step        Accepted?    Stepsize [fs]      Error (scaled)       Time [fs]
      1            1        0.127908E-02       0.136710E-06             4.500
      2            1        0.127908E-01       0.137298E-01             4.501
      3            1        0.155924E-01       0.370528E-01             4.514
      4            1        0.195496E-01       0.115557E+00             4.530
      5            1        0.210201E-01       0.167340E+00             4.549
      6            0        0.222103E-01       0.136546E+01             4.570
      7            1        0.179050E-01       0.456331E+00             4.570
      8            1        0.161905E-01       0.441634E-01             4.588
      9            1        0.226668E-01       0.239126E+00             4.604
     10            1        0.216893E-01       0.192361E+00             4.627
     11            1        0.230414E-01       0.260748E+00             4.649
     12            0        0.230428E-01       0.120773E+03             4.672
     13            0        0.452579E-02       0.186838E+01             4.672
     14            0        0.294024E-02       0.118612E+01             4.672
     15            1        0.175403E-02       0.699538E+00             4.672
     16            1        0.150137E-02       0.120792E-02             4.673
     17            1        0.394233E-02       0.411248E-04             4.675
     18            1        0.142579E-01       0.347916E-01             4.679
     19            1        0.148397E-01       0.316468E-01             4.693
     20            1        0.198356E-01       0.138294E+00             4.708
     21            1        0.205561E-01       0.167299E+00             4.728
     22            1        0.218776E-01       0.235425E+00             4.748
     23            0        0.221382E-01       0.115744E+01             4.770
     24            1        0.183555E-01       0.600832E+00             4.770
     25            1        0.160573E-01       0.505700E-01             4.789
     26            0        0.222115E-01       0.133756E+01             4.805
     27            1        0.179690E-01       0.926319E+00             4.805
     28            1        0.137325E-01       0.224724E-01             4.823
     29            1        0.221850E-01       0.253090E+00             4.836
     30            1        0.204638E-01       0.169046E+00             4.859
     31            1        0.222729E-01       0.266766E+00             4.879
     32            1        0.220736E-01       0.250811E+00             4.901
     33            1        0.225138E-01       0.271427E+00             4.923
     34            1        0.226006E-01       0.290227E+00             4.946
     35            1        0.225019E-01       0.268589E+00             4.969
     36            1        0.898462E-02       0.278745E-02             4.991
Time in fs:      5.00000
Integrator initialized
Complete equation: Runge-Kutta order 5
   Step        Accepted?    Stepsize [fs]      Error (scaled)       Time [fs]
      1            1        0.127506E-02       0.152280E-06             5.000
      2            1        0.127506E-01       0.345277E+00             5.001
      3            1        0.898381E-02       0.105647E-01             5.014
      4            1        0.158617E-01       0.450009E-01             5.023
      5            1        0.190404E-01       0.111658E+00             5.039
      6            1        0.207531E-01       0.196633E+00             5.058
      7            1        0.213057E-01       0.192646E+00             5.079
      8            1        0.224518E-01       0.237584E+00             5.100
      9            1        0.228125E-01       0.274661E+00             5.122
     10            1        0.228049E-01       0.242310E+00             5.145
     11            1        0.234237E-01       0.268177E+00             5.168
     12            0        0.235298E-01       0.389879E+01             5.191
     13            1        0.134896E-01       0.937745E+00             5.191
     14            1        0.109976E-01       0.630701E-02             5.205
     15            1        0.220613E-01       0.210200E+00             5.216
     16            1        0.199616E-01       0.116156E+00             5.238
     17            1        0.229860E-01       0.234457E+00             5.258
     18            1        0.229389E-01       0.231228E+00             5.281
     19            1        0.235998E-01       0.264245E+00             5.304
     20            1        0.237218E-01       0.271846E+00             5.327
     21            1        0.238568E-01       0.291184E+00             5.351
     22            1        0.237408E-01       0.276513E+00             5.375
     23            1        0.238995E-01       0.284853E+00             5.399
     24            1        0.238886E-01       0.284971E+00             5.423
     25            1        0.239044E-01       0.593394E+00             5.447
     26            1        0.211165E-01       0.155690E+00             5.471
     27            1        0.837351E-02       0.154145E-02             5.492
Time in fs:      5.50000
Integrator initialized
Complete equation: Runge-Kutta order 5
   Step        Accepted?    Stepsize [fs]      Error (scaled)       Time [fs]
      1            1        0.127585E-02       0.127442E-06             5.500
      2            1        0.127585E-01       0.127077E-01             5.501
      3            1        0.157589E-01       0.369328E-01             5.514
      4            1        0.197082E-01       0.115051E+00             5.530
      5            0        0.212037E-01       0.206585E+01             5.550
      6            1        0.159317E-01       0.725093E+00             5.550
      7            1        0.131175E-01       0.329800E+00             5.565
      8            1        0.132918E-01       0.154841E-01             5.579
      9            1        0.219508E-01       0.188773E+00             5.592
     10            1        0.209679E-01       0.147530E+00             5.614
     11            1        0.230836E-01       0.235719E+00             5.635
     12            1        0.232364E-01       0.262052E+00             5.658
     13            1        0.234077E-01       0.245259E+00             5.681
     14            0        0.239484E-01       0.344921E+01             5.704
     15            1        0.140185E-01       0.903263E+00             5.704
     16            1        0.114609E-01       0.652018E-02             5.719
     17            1        0.228268E-01       0.197628E+00             5.730
     18            1        0.208997E-01       0.123783E+00             5.753
     19            1        0.237487E-01       0.226900E+00             5.774
     20            1        0.179199E-01       0.492015E-01             5.797
     21            1        0.239525E-01       0.212433E+00             5.815
     22            1        0.234867E-01       0.194552E+00             5.839
     23            1        0.247853E-01       0.248439E+00             5.863
     24            1        0.250027E-01       0.252111E+00             5.888
     25            1        0.254064E-01       0.270214E+00             5.913
     26            1        0.255291E-01       0.272140E+00             5.938
     27            1        0.256926E-01       0.276747E+00             5.964
     28            1        0.107813E-01       0.120505E-01             5.989
Time in fs:      6.00000
Integrator initialized
Complete equation: Runge-Kutta order 5
   Step        Accepted?    Stepsize [fs]      Error (scaled)       Time [fs]
      1            1        0.129781E-02       0.898209E-07             6.000
      2            1        0.129781E-01       0.911032E-02             6.001
      3            1        0.169632E-01       0.343321E-01             6.014
      4            1        0.211953E-01       0.113936E+00             6.031
      5            1        0.170811E-01       0.339871E-01             6.052
      6            1        0.236525E-01       0.182186E+00             6.070
      7            1        0.234564E-01       0.452779E+00             6.093
      8            1        0.213108E-01       0.110623E+00             6.117
      9            1        0.255153E-01       0.276068E+00             6.138
     10            1        0.247173E-01       0.241358E+00             6.163
     11            1        0.254102E-01       0.281152E+00             6.188
     12            1        0.253171E-01       0.629813E+00             6.214
     13            1        0.221271E-01       0.844297E+00             6.239
     14            1        0.190023E-01       0.631083E-01             6.261
     15            1        0.256608E-01       0.284778E+00             6.280
     16            1        0.241784E-01       0.205703E+00             6.306
     17            1        0.255727E-01       0.445111E+00             6.330
     18            1        0.234145E-01       0.180236E+00             6.355
     19            1        0.257839E-01       0.292047E+00             6.379
     20            1        0.252275E-01       0.276105E+00             6.405
     21            1        0.254056E-01       0.274947E+00             6.430
     22            1        0.255458E-01       0.281628E+00             6.455
     23            1        0.191863E-01       0.833046E-01             6.481
Time in fs:      6.50000
Integrator initialized
Complete equation: Runge-Kutta order 5
   Step        Accepted?    Stepsize [fs]      Error (scaled)       Time [fs]
      1            1        0.132266E-02       0.103815E-06             6.500
      2            1        0.132266E-01       0.350426E+00             6.501
      3            1        0.929578E-02       0.579022E-02             6.515
      4            1        0.181899E-01       0.506518E-01             6.524
      5            1        0.208918E-01       0.991491E-01             6.542
      6            1        0.233458E-01       0.181107E+00             6.563
      7            1        0.241897E-01       0.361542E+00             6.586
      8            1        0.228287E-01       0.147207E+00             6.610
      9            1        0.258035E-01       0.270294E+00             6.633
     10            1        0.253747E-01       0.256867E+00             6.659
     11            0        0.257895E-01       0.197213E+02             6.684
     12            1        0.954028E-02       0.303847E+00             6.684
     13            1        0.940410E-02       0.168031E-02             6.694
     14            1        0.225801E-01       0.145776E+00             6.703
     15            1        0.206222E-01       0.839380E-01             6.726
     16            1        0.247302E-01       0.215790E+00             6.747
     17            1        0.247070E-01       0.202318E+00             6.771
     18            1        0.259163E-01       0.243204E+00             6.796
     19            1        0.262796E-01       0.250974E+00             6.822
     20            1        0.267018E-01       0.257633E+00             6.848
     21            1        0.270442E-01       0.262282E+00             6.875
     22            0        0.273364E-01       0.682997E+02             6.902
     23            0        0.695932E-02       0.543866E+01             6.902
     24            0        0.320472E-02       0.236951E+01             6.902
     25            0        0.169963E-02       0.125274E+01             6.902
     26            1        0.853874E-03       0.631529E+00             6.902
     27            1        0.743869E-03       0.127561E-07             6.903
     28            1        0.743869E-02       0.127712E-02             6.904
     29            1        0.135786E-01       0.257189E-01             6.911
     30            1        0.164733E-01       0.664622E-01             6.925
     31            1        0.191766E-01       0.139068E+00             6.941
     32            1        0.204525E-01       0.394417E+00             6.960
     33            1        0.188183E-01       0.114965E+00             6.981
     34            1        0.469234E-03       0.109279E-08             7.000
Time in fs:      7.00000
Integrator initialized
Complete equation: Runge-Kutta order 5
   Step        Accepted?    Stepsize [fs]      Error (scaled)       Time [fs]
      1            1        0.128626E-02       0.169017E-06             7.000
      2            1        0.128626E-01       0.176201E-01             7.001
      3            1        0.150289E-01       0.373379E-01             7.014
      4            1        0.190073E-01       0.116660E+00             7.029
      5            1        0.204102E-01       0.163252E+00             7.048
      6            0        0.216649E-01       0.104682E+01             7.069
      7            1        0.182725E-01       0.119293E+00             7.069
      8            1        0.207352E-01       0.178208E+00             7.087
      9            1        0.217037E-01       0.207384E+00             7.108
     10            1        0.224977E-01       0.237619E+00             7.129
     11            1        0.229260E-01       0.254442E+00             7.152
     12            1        0.232184E-01       0.778423E+00             7.175
     13            0        0.194970E-01       0.287040E+01             7.198
     14            1        0.138528E-01       0.737780E-01             7.198
     15            1        0.181575E-01       0.707748E-01             7.212
     16            1        0.218129E-01       0.174340E+00             7.230
     17            1        0.168326E-01       0.458651E-01             7.252
     18            1        0.225306E-01       0.196955E+00             7.269
     19            1        0.223156E-01       0.181457E+00             7.291
     20            1        0.237581E-01       0.241146E+00             7.313
     21            0        0.240211E-01       0.747930E+01             7.337
     22            1        0.123275E-01       0.324055E+00             7.337
     23            1        0.119889E-01       0.751814E-02             7.350
     24            1        0.223710E-01       0.170666E+00             7.362
     25            1        0.211195E-01       0.127779E+00             7.384
     26            1        0.237296E-01       0.233423E+00             7.405
     27            1        0.178420E-01       0.308754E+00             7.429
     28            1        0.174725E-01       0.439943E-01             7.447
     29            1        0.240980E-01       0.219796E+00             7.464
     30            1        0.118425E-01       0.615092E-02             7.488
Time in fs:      7.50000
Integrator initialized
Complete equation: Runge-Kutta order 5
   Step        Accepted?    Stepsize [fs]      Error (scaled)       Time [fs]
      1            1        0.133308E-02       0.110721E-06             7.500
      2            1        0.133308E-01       0.110303E-01             7.501
      3            1        0.168668E-01       0.348068E-01             7.515
      4            1        0.158904E-01       0.267103E-01             7.532
      5            1        0.218617E-01       0.241078E+00             7.547
      6            1        0.204741E-01       0.924449E-01             7.569
      7            1        0.246439E-01       0.231963E+00             7.590
      8            1        0.244142E-01       0.215072E+00             7.614
      9            1        0.254178E-01       0.243808E+00             7.639
     10            1        0.258264E-01       0.799363E+00             7.664
     11            1        0.215525E-01       0.287266E+00             7.690
     12            1        0.224449E-01       0.222539E+00             7.712
     13            1        0.234320E-01       0.209795E+00             7.734
     14            1        0.244579E-01       0.219159E+00             7.757
     15            1        0.252802E-01       0.242698E+00             7.782
     16            1        0.257258E-01       0.736428E+00             7.807
     17            1        0.217660E-01       0.110456E+00             7.833
     18            1        0.265791E-01       0.300403E+00             7.855
     19            1        0.253791E-01       0.236667E+00             7.881
     20            1        0.262664E-01       0.280479E+00             7.907
     21            1        0.261603E-01       0.275643E+00             7.933
     22            0        0.263098E-01       0.522836E+01             7.959
     23            0        0.143494E-01       0.271242E+01             7.959
     24            1        0.874986E-02       0.882001E+00             7.959
     25            1        0.721612E-02       0.155159E-02             7.968
     26            1        0.183278E-01       0.155449E+00             7.975
     27            1        0.660297E-02       0.396084E-03             7.993
Time in fs:      8.00000
Integrator initialized
Complete equation: Runge-Kutta order 5
   Step        Accepted?    Stepsize [fs]      Error (scaled)       Time [fs]
      1            1        0.137180E-02       0.134259E-06             8.000
      2            1        0.137180E-01       0.157533E-01             8.001
      3            1        0.163364E-01       0.314658E-01             8.015
      4            1        0.211757E-01       0.169912E+00             8.031
      5            1        0.211852E-01       0.108496E+00             8.053
      6            1        0.244704E-01       0.689062E+00             8.074
      7            1        0.152066E-01       0.108196E+00             8.098
      8            1        0.185852E-01       0.512158E-01             8.113
      9            1        0.239528E-01       0.182972E+00             8.132
     10            1        0.241293E-01       0.190395E+00             8.156
     11            1        0.254049E-01       0.240409E+00             8.180
     12            0        0.257491E-01       0.172665E+02             8.206
     13            1        0.974302E-02       0.204087E-02             8.206
     14            0        0.224224E-01       0.135645E+01             8.215
     15            0        0.180964E-01       0.110033E+01             8.215
     16            0        0.128639E-01       0.425821E+01             8.215
     17            1        0.524903E-02       0.909047E-04             8.215
     18            0        0.169407E-01       0.100395E+01             8.221
     19            1        0.143899E-01       0.857295E+00             8.221
     20            1        0.651488E-02       0.674045E-03             8.235
     21            1        0.190447E-01       0.401427E+00             8.241
     22            1        0.141165E-01       0.126937E-01             8.260
     23            1        0.243041E-01       0.201048E+00             8.275
     24            1        0.227867E-01       0.132453E+00             8.299
     25            1        0.256143E-01       0.236674E+00             8.322
     26            1        0.256553E-01       0.228517E+00             8.347
     27            1        0.264574E-01       0.256051E+00             8.373
     28            0        0.267243E-01       0.506277E+01             8.399
     29            1        0.146554E-01       0.216503E+00             8.399
     30            1        0.153011E-01       0.159839E-01             8.414
     31            1        0.247134E-01       0.173714E+00             8.429
     32            1        0.239733E-01       0.145210E+00             8.454
     33            1        0.219446E-01       0.877358E+00             8.478
Time in fs:      8.50000
Integrator initialized
Complete equation: Runge-Kutta order 5
   Step        Accepted?    Stepsize [fs]      Error (scaled)       Time [fs]
      1            1        0.145515E-02       0.474039E-04             8.500
      2            1        0.639326E-02       0.184526E-03             8.501
      3            1        0.162148E-01       0.189710E-01             8.508
      4            1        0.191733E-01       0.441069E-01             8.524
      5            1        0.236414E-01       0.126597E+00             8.543
      6            1        0.252035E-01       0.168068E+00             8.567
      7            1        0.267082E-01       0.220603E+00             8.592
      8            0        0.273318E-01       0.145047E+01             8.619
      9            0        0.218088E-01       0.101207E+01             8.619
     10            1        0.157247E-01       0.635781E+00             8.619
     11            1        0.135889E-01       0.701586E-02             8.635
     12            1        0.263574E-01       0.194886E+00             8.648
     13            1        0.242606E-01       0.133360E+00             8.674
     14            1        0.272055E-01       0.412013E+00             8.699
     15            1        0.248052E-01       0.137210E+00             8.726
     16            1        0.285234E-01       0.272990E+00             8.751
     17            1        0.279236E-01       0.239020E+00             8.779
     18            1        0.287410E-01       0.272534E+00             8.807
     19            1        0.287765E-01       0.266581E+00             8.836
     20            1        0.290725E-01       0.275599E+00             8.865
     21            1        0.291801E-01       0.274228E+00             8.894
     22            1        0.220140E-01       0.658008E-01             8.923
     23            1        0.282191E-01       0.279451E+00             8.945
     24            1        0.268178E-01       0.167515E+00             8.973
Time in fs:      9.00000
Integrator initialized
Complete equation: Runge-Kutta order 5
   Step        Accepted?    Stepsize [fs]      Error (scaled)       Time [fs]
      1            1        0.160658E-02       0.123051E-06             9.000
      2            1        0.160658E-01       0.123947E-01             9.002
      3            1        0.199283E-01       0.359539E-01             9.018
      4            0        0.250117E-01       0.126610E+01             9.038
      5            1        0.204241E-01       0.439196E+00             9.038
      6            1        0.174799E-01       0.174893E-01             9.058
      7            1        0.286018E-01       0.207502E+00             9.076
      8            1        0.270165E-01       0.152996E+00             9.104
      9            1        0.296711E-01       0.275108E+00             9.131
     10            1        0.291356E-01       0.212942E+00             9.161
     11            1        0.305927E-01       0.250361E+00             9.190
     12            1        0.309322E-01       0.251014E+00             9.221
     13            0        0.314648E-01       0.294860E+01             9.251
     14            0        0.222540E-01       0.115669E+01             9.251
     15            1        0.156855E-01       0.843124E+00             9.251
     16            1        0.129869E-01       0.471719E-02             9.267
     17            1        0.272542E-01       0.122557E+00             9.280
     18            1        0.267166E-01       0.106517E+00             9.307
     19            1        0.305544E-01       0.206091E+00             9.334
     20            1        0.310598E-01       0.224622E+00             9.365
     21            1        0.319472E-01       0.969531E+00             9.396
     22            1        0.257155E-01       0.798882E-01             9.428
     23            1        0.335470E-01       0.310019E+00             9.453
     24            1        0.130783E-01       0.239041E-02             9.487
Time in fs:      9.50000
Integrator initialized
Complete equation: Runge-Kutta order 5
   Step        Accepted?    Stepsize [fs]      Error (scaled)       Time [fs]
      1            1        0.181152E-02       0.115382E-06             9.500
      2            1        0.181152E-01       0.121347E-01             9.502
      3            1        0.225516E-01       0.369934E-01             9.520
      4            1        0.281434E-01       0.106938E+00             9.542
      5            1        0.306597E-01       0.579011E+00             9.571
      6            1        0.261514E-01       0.497370E+00             9.601
      7            1        0.183674E-01       0.117989E-01             9.627
      8            1        0.322939E-01       0.199205E+00             9.646
      9            1        0.302365E-01       0.434790E+00             9.678
     10            1        0.277597E-01       0.950974E-01             9.708
     11            1        0.340468E-01       0.263457E+00             9.736
     12            1        0.330447E-01       0.220490E+00             9.770
     13            1        0.344328E-01       0.272829E+00             9.803
     14            1        0.343578E-01       0.779166E+00             9.838
     15            1        0.216953E-01       0.111746E+00             9.872
     16            1        0.265002E-01       0.833003E-01             9.894
     17            0        0.314838E-01       0.111688E+01             9.920
     18            0        0.262631E-01       0.407224E+01             9.920
     19            1        0.127037E-01       0.801179E+00             9.920
     20            1        0.101518E-01       0.775246E-02             9.933
     21            1        0.195391E-01       0.170700E-01             9.943
     22            1        0.273163E-01       0.117031E+00             9.963
     23            1        0.101213E-01       0.828814E-03             9.990
Time in fs:     10.00000
Integrator initialized
Complete equation: Runge-Kutta order 5
   Step        Accepted?    Stepsize [fs]      Error (scaled)       Time [fs]
      1            1        0.192665E-02       0.145426E-06            10.000
      2            1        0.192665E-01       0.228397E-01            10.002
      3            1        0.215399E-01       0.421212E-01            10.021
      4            1        0.269678E-01       0.152178E+00            10.043
      5            1        0.278128E-01       0.190715E+00            10.070
      6            1        0.290598E-01       0.242636E+00            10.098
      7            1        0.294093E-01       0.249177E+00            10.127
      8            0        0.299154E-01       0.380415E+01            10.156
      9            1        0.172222E-01       0.143230E-01            10.156
     10            1        0.284999E-01       0.579907E+00            10.173
     11            1        0.168187E-01       0.862433E-02            10.202
     12            1        0.313815E-01       0.159366E+00            10.219
     13            1        0.301380E-01       0.891539E-01            10.250
     14            1        0.359009E-01       0.297199E+00            10.280
     15            0        0.340495E-01       0.207952E+02            10.316
     16            1        0.124829E-01       0.273513E+00            10.316
     17            1        0.126000E-01       0.166542E-02            10.328
     18            1        0.301723E-01       0.219501E+00            10.341
     19            1        0.256947E-01       0.114431E+00            10.371
     20            1        0.297145E-01       0.301055E+00            10.397
     21            1        0.284026E-01       0.278851E+00            10.427
     22            1        0.285897E-01       0.424521E+00            10.455
     23            1        0.163996E-01       0.176057E-02            10.484
Time in fs:     10.50000
Integrator initialized
Complete equation: Runge-Kutta order 5
   Step        Accepted?    Stepsize [fs]      Error (scaled)       Time [fs]
      1            1        0.232104E-02       0.869286E-07            10.500
      2            1        0.232104E-01       0.919339E-02            10.502
      3            1        0.302908E-01       0.327947E-01            10.526
      4            1        0.381576E-01       0.973778E-01            10.556
      5            1        0.420334E-01       0.140593E+00            10.594
      6            1        0.454358E-01       0.178342E+00            10.636
      7            1        0.478654E-01       0.194420E+00            10.681
      8            1        0.501655E-01       0.225767E+00            10.729
      9            0        0.514341E-01       0.171528E+01            10.779
     10            1        0.398872E-01       0.535031E+00            10.779
     11            1        0.355283E-01       0.195021E-01            10.819
     12            1        0.575195E-01       0.197236E+00            10.855
     13            1        0.550414E-01       0.108151E+00            10.912
     14            1        0.325438E-01       0.461110E-02            10.967
Time in fs:     11.00000
Integrator initialized
Complete equation: Runge-Kutta order 5
   Step        Accepted?    Stepsize [fs]      Error (scaled)       Time [fs]
      1            1        0.274906E-02       0.127998E-07            11.000
      2            1        0.274906E-01       0.147358E-02            11.003
      3            1        0.489756E-01       0.249625E-01            11.030
      4            1        0.600613E-01       0.546442E-01            11.079
      5            1        0.721975E-01       0.133104E+00            11.139
      6            0        0.769716E-01       0.257252E+01            11.211
      7            1        0.557171E-01       0.651751E-01            11.211
      8            1        0.694994E-01       0.291914E+00            11.267
      9            1        0.489701E-01       0.795326E-02            11.337
     10            1        0.901296E-01       0.110586E+00            11.386
     11            1        0.242098E-01       0.358179E-02            11.476
Time in fs:     11.50000
