 ------ Host: "cpn-p27-15" ----------Thu Jun 15 16:30:02 2023
           
 /user/mrecio/QUANTICS/h2o-4s-dd
 ---------------------------------------------------------------------------
  
 Subroutine         Calls N       cpu/N          cpu     %cpu        Clock
 PropWF                   1     27.4238         27.424    98.3       2921.349
 Funkr                 4042      0.0067         27.087    97.1       2919.378
 Gh_elements           4042      0.0064         26.042    93.4       2918.332
 RK5                     23      1.1704         26.920    96.5       2691.663
 Gh_elems: LHA        40420      0.0005         20.212    72.5         20.283
 DBread              284330      0.0001         19.143    68.7         19.327
 Gh_elems: sum        44462      0.0000          1.484     5.3          1.486
 GenOPER                  1      0.3390          0.339     1.2          1.268
 Gwp_Gdot              4042      0.0001          0.384     1.4          0.385
 subgdot1              4042      0.0001          0.365     1.3          0.367
 Init_WF                  1      0.1070          0.107     0.4          0.398
 CalcOPs                  1      0.0250          0.025     0.1          0.473
 PrepareDB                3      0.0049          0.015     0.1          0.397
 Output                  24      0.0057          0.138     0.5          0.138
 GWP overlap           4066      0.0000          0.123     0.4          0.122
 Mfields               4042      0.0000          0.103     0.4          0.104
 Gwp_Ymat              3437      0.0000          0.095     0.3          0.095
 Density               4259      0.0000          0.061     0.2          0.061
 HPhi                  4042      0.0000          0.030     0.1          0.030
 Gh_elems: kinet      12126      0.0000          0.028     0.1          0.028
 PhiHPhi               4042      0.0000          0.024     0.1          0.025
 GenDVR                   1      0.0040          0.004     0.0          0.035
 Setgwpdyn              597      0.0000          0.016     0.1          0.016
 Setgwpdyn1ms           597      0.0000          0.011     0.0          0.011
 PhiHunPhi             4042      0.0000          0.008     0.0          0.008
 HunPhi                4042      0.0000          0.007     0.0          0.007
 Dicht1Phi             4042      0.0000          0.007     0.0          0.007
 Hlochphi              4042      0.0000          0.006     0.0          0.006
 Project               4042      0.0000          0.006     0.0          0.006
 AddHunPhi             4042      0.0000          0.006     0.0          0.006
 Importho               596      0.0000          0.005     0.0          0.004
 DBupdate                25      0.0001          0.002     0.0          0.002

Total (cpu,wall)       27.884     2923.541   (     0h : 48m :  44s)


 ---------------------------------------------------------------------------
 ------ Host: "cpn-p27-15" ----------Thu Jun 15 17:18:46 2023
           
