#    Start: ------ Host: "cpn-p27-17" ----------Wed Jun 14 10:56:02 2023

#    Time[fs]   CPU-time[s]     Delta-CPU    Real time        RealT[s]     [h]
#        0.00           0.0                  Jun 14 10:56:02         0     0.00
         0.50           0.1         0.040    Jun 14 10:56:02         0     0.00
         1.00           0.2         0.110    Jun 14 10:56:03         1     0.00
         1.50           0.3         0.100    Jun 14 10:56:03         1     0.00
         2.00           0.4         0.110    Jun 14 10:56:03         1     0.00
         2.50           0.5         0.110    Jun 14 10:56:03         1     0.00
         3.00           0.6         0.120    Jun 14 10:56:03         1     0.00
         3.50           0.7         0.070    Jun 14 10:56:03         1     0.00
         4.00           0.8         0.070    Jun 14 10:56:03         1     0.00
         4.50           0.9         0.080    Jun 14 10:56:03         1     0.00
         5.00           0.9         0.070    Jun 14 10:56:04         2     0.00
         5.50           1.0         0.090    Jun 14 10:56:04         2     0.00
         6.00           1.1         0.070    Jun 14 10:56:04         2     0.00
         6.50           1.1         0.060    Jun 14 10:56:04         2     0.00
         7.00           1.2         0.080    Jun 14 10:56:04         2     0.00
         7.50           1.3         0.080    Jun 14 10:56:04         2     0.00
         8.00           1.4         0.070    Jun 14 10:56:04         2     0.00
         8.50           1.4         0.080    Jun 14 10:56:04         2     0.00
         9.00           1.5         0.080    Jun 14 10:56:04         2     0.00
         9.50           1.6         0.080    Jun 14 10:56:04         2     0.00
        10.00           1.7         0.050    Jun 14 10:56:05         3     0.00
        10.50           1.7         0.050    Jun 14 10:56:05         3     0.00
        11.00           1.8         0.050    Jun 14 10:56:05         3     0.00
        11.50           1.8         0.080    Jun 14 10:56:05         3     0.00
        12.00           1.9         0.070    Jun 14 10:56:05         3     0.00
        12.50           2.0         0.080    Jun 14 10:56:05         3     0.00
        13.00           2.1         0.070    Jun 14 10:56:05         3     0.00
        13.50           2.1         0.070    Jun 14 10:56:05         3     0.00
        14.00           2.2         0.080    Jun 14 10:56:05         3     0.00
        14.50           2.3         0.070    Jun 14 10:56:05         3     0.00
        15.00           2.4         0.080    Jun 14 10:56:06         4     0.00
        15.50           2.4         0.050    Jun 14 10:56:06         4     0.00
        16.00           2.5         0.050    Jun 14 10:56:06         4     0.00
        16.50           2.5         0.040    Jun 14 10:56:06         4     0.00
        17.00           2.5         0.050    Jun 14 10:56:06         4     0.00
        17.50           2.6         0.070    Jun 14 10:56:06         4     0.00
        18.00           2.7         0.080    Jun 14 10:56:06         4     0.00
        18.50           2.8         0.080    Jun 14 10:56:06         4     0.00
        19.00           2.9         0.080    Jun 14 10:56:06         4     0.00
        19.50           2.9         0.060    Jun 14 10:56:06         4     0.00
        20.00           3.0         0.090    Jun 14 10:56:06         4     0.00
