 ------ Host: "cpn-p27-17" ----------Wed Jun 14 10:56:02 2023
           
 /user/mrecio/new/results
 ---------------------------------------------------------------------------
  
 Subroutine         Calls N       cpu/N          cpu     %cpu        Clock
 PropWF                   1      2.9411          2.941    97.9          3.574
 BS                    1080      0.0026          2.811    93.5          2.813
 Funkphi-x            38762      0.0001          2.760    91.8          2.766
 GenOPER                  1      0.0220          0.022     0.7          0.127
 GenDVR                   1      0.0030          0.003     0.1          0.050
 Init_WF                  1      0.0090          0.009     0.3          0.043
 CalcOPs                  1      0.0040          0.004     0.1          0.026
 Output                  41      0.0002          0.009     0.3          0.009
 HunPhi                 121      0.0001          0.008     0.3          0.008
 Funk1                   80      0.0001          0.007     0.2          0.007
 Funk2                   41      0.0001          0.003     0.1          0.003
 Funk3                   41      0.0000          0.002     0.1          0.002
 Funk0                   40      0.0000          0.001     0.0          0.001
 Project                121      0.0000          0.001     0.0          0.001
 Density                 81      0.0000          0.000     0.0          0.000
 SIL                    120      0.0000          0.000     0.0          0.000
 Dicht1Phi              121      0.0000          0.000     0.0          0.000
 HPhi                   161      0.0000          0.000     0.0          0.000
 Hlochphi               121      0.0000          0.000     0.0          0.000
 AddHunPhi              121      0.0000          0.000     0.0          0.000
 Mfields                 81      0.0000          0.000     0.0          0.000
 Funka                   40      0.0000          0.000     0.0          0.000
 Summf                   81      0.0000          0.000     0.0          0.000
 PhiHPhi                 81      0.0000          0.000     0.0          0.000
 PhiHunPhi               41      0.0000          0.000     0.0          0.000
 Calcha                  40      0.0000          0.000     0.0          0.000

Total (cpu,wall)        3.005        4.324   (     0h :  0m :   4s)


 ---------------------------------------------------------------------------
 ------ Host: "cpn-p27-17" ----------Wed Jun 14 10:56:06 2023
           
