#Update-step  Updatetime     Error of A        Error of phi      Time in fs
     1        0.50000000     0.117447E-016     0.000000E+000        0.0000
     2        0.50000000     0.289804E-015     0.287959E-008        0.5000
     3        0.50000000     0.295743E-015     0.583631E-009        1.0000
     4        0.50000000     0.262045E-015     0.438876E-011        1.5000
     5        0.50000000     0.794499E-015     0.000000E+000        2.0000
     6        0.50000000     0.815755E-017     0.121332E-009        2.5000
     7        0.50000000     0.730101E-015     0.100801E-008        3.0000
     8        0.50000000     0.422904E-014     0.137468E-009        3.5000
     9        0.50000000     0.400617E-014     0.243755E-010        4.0000
    10        0.50000000     0.959230E-018     0.000000E+000        4.5000
    11        0.50000000     0.105728E-019     0.000000E+000        5.0000
    12        0.50000000     0.178905E-020     0.000000E+000        5.5000
    13        0.50000000     0.179434E-019     0.000000E+000        6.0000
    14        0.50000000     0.752166E-019     0.000000E+000        6.5000
    15        0.50000000     0.117983E-018     0.000000E+000        7.0000
    16        0.50000000     0.658016E-019     0.000000E+000        7.5000
    17        0.50000000     0.237596E-022     0.000000E+000        8.0000
    18        0.50000000     0.250985E-019     0.000000E+000        8.5000
    19        0.50000000     0.643195E-019     0.000000E+000        9.0000
    20        0.50000000     0.527422E-019     0.000000E+000        9.5000
    21        0.50000000     0.703763E-020     0.000000E+000       10.0000
    22        0.50000000     0.618626E-020     0.000000E+000       10.5000
    23        0.50000000     0.220808E-019     0.000000E+000       11.0000
    24        0.50000000     0.479344E-020     0.000000E+000       11.5000
    25        0.50000000     0.171016E-019     0.000000E+000       12.0000
    26        0.50000000     0.651188E-019     0.000000E+000       12.5000
    27        0.50000000     0.105762E-018     0.000000E+000       13.0000
    28        0.50000000     0.811021E-019     0.000000E+000       13.5000
    29        0.50000000     0.961892E-020     0.000000E+000       14.0000
    30        0.50000000     0.147143E-019     0.000000E+000       14.5000
    31        0.50000000     0.414659E-019     0.000000E+000       15.0000
    32        0.50000000     0.339237E-019     0.000000E+000       15.5000
    33        0.50000000     0.322700E-021     0.000000E+000       16.0000
    34        0.50000000     0.693765E-020     0.000000E+000       16.5000
    35        0.50000000     0.205998E-019     0.000000E+000       17.0000
    36        0.50000000     0.138346E-019     0.000000E+000       17.5000
    37        0.50000000     0.748152E-020     0.000000E+000       18.0000
    38        0.50000000     0.910264E-019     0.000000E+000       18.5000
    39        0.50000000     0.136123E-018     0.000000E+000       19.0000
    40        0.50000000     0.110815E-018     0.000000E+000       19.5000
