#    time[fs]         Re(autocorrel)     Im(autocorrel)     Abs(autocorrel)
     0.00000000       1.00000000000000   0.00000000000000   1.00000000000000
     1.00000000      -0.42643761999835   0.82194660957302   0.92598340845743
     2.00000000      -0.41958705833236  -0.60384273538054   0.73530901571507
     3.00000000       0.49791626770373  -0.05480384274258   0.50092321849098
     4.00000000      -0.11597761921102   0.26901344129409   0.29294886884018
     5.00000000      -0.08574396543056  -0.11965787697545   0.14720745609523
     6.00000000       0.06356096223484  -0.00306665394803   0.06363489833932
     7.00000000      -0.01265036713020   0.02003894408659   0.02369791274847
     8.00000000      -0.00262901717850  -0.00714745942234   0.00761563572651
     9.00000000       0.00198577148168   0.00073100811879   0.00211604849831
     10.0000000      -0.00045721128914   0.00022476613290   0.00050947225382
     11.0000000       0.00003814609472  -0.00009948774525   0.00010655015719
     12.0000000       0.00000599309688   0.00001846054426   0.00001940899031
     13.0000000      -0.00000245827081  -0.00000186984674   0.00000308859551
     14.0000000       0.00000042753067   0.00000005272279   0.00000043076927
     15.0000000      -0.00000005015569   0.00000001664124   0.00000005284434
     16.0000000       0.00000000447372  -0.00000000357073   0.00000000572400
     17.0000000      -0.00000000032778   0.00000000044134   0.00000000054975
     18.0000000       0.00000000002172  -0.00000000004170   0.00000000004702
     19.0000000      -0.00000000000149   0.00000000000327   0.00000000000359
     20.0000000       0.00000000000013  -0.00000000000023   0.00000000000026
     21.0000000      -0.00000000000001   0.00000000000004   0.00000000000004
     22.0000000      -0.00000000000002  -0.00000000000001   0.00000000000003
     23.0000000       0.00000000000001  -0.00000000000002   0.00000000000003
     24.0000000       0.00000000000002   0.00000000000002   0.00000000000003
     25.0000000      -0.00000000000002   0.00000000000001   0.00000000000003
     26.0000000      -0.00000000000000  -0.00000000000002   0.00000000000002
     27.0000000       0.00000000000002   0.00000000000000   0.00000000000002
     28.0000000      -0.00000000000001   0.00000000000002   0.00000000000002
     29.0000000      -0.00000000000001  -0.00000000000001   0.00000000000002
     30.0000000       0.00000000000001  -0.00000000000001   0.00000000000001
     31.0000000       0.00000000000000   0.00000000000001   0.00000000000001
     32.0000000      -0.00000000000001  -0.00000000000000   0.00000000000001
     33.0000000       0.00000000000000   0.00000000000000   0.00000000000001
     34.0000000      -0.00000000000001   0.00000000000000   0.00000000000001
     35.0000000       0.00000000000001  -0.00000000000001   0.00000000000001
     36.0000000       0.00000000000001   0.00000000000001   0.00000000000002
     37.0000000      -0.00000000000002  -0.00000000000000   0.00000000000002
     38.0000000       0.00000000000001  -0.00000000000001   0.00000000000001
     39.0000000       0.00000000000001   0.00000000000001   0.00000000000001
     40.0000000      -0.00000000000001   0.00000000000000   0.00000000000001
     41.0000000       0.00000000000000  -0.00000000000001   0.00000000000001
     42.0000000       0.00000000000001   0.00000000000000   0.00000000000001
     43.0000000       0.00000000000000   0.00000000000001   0.00000000000001
     44.0000000      -0.00000000000000   0.00000000000000   0.00000000000000
     45.0000000      -0.00000000000000  -0.00000000000000   0.00000000000000
     46.0000000       0.00000000000000  -0.00000000000001   0.00000000000001
     47.0000000       0.00000000000001   0.00000000000000   0.00000000000001
     48.0000000      -0.00000000000000   0.00000000000001   0.00000000000001
     49.0000000      -0.00000000000001  -0.00000000000001   0.00000000000001
     50.0000000       0.00000000000001  -0.00000000000001   0.00000000000001
     51.0000000       0.00000000000001   0.00000000000001   0.00000000000001
     52.0000000      -0.00000000000001   0.00000000000000   0.00000000000001
     53.0000000      -0.00000000000000  -0.00000000000001   0.00000000000001
     54.0000000       0.00000000000000  -0.00000000000000   0.00000000000001
     55.0000000       0.00000000000001  -0.00000000000001   0.00000000000001
     56.0000000      -0.00000000000069   0.00000000000024   0.00000000000073
     57.0000000       0.00000000000877  -0.00000000000743   0.00000000001149
     58.0000000      -0.00000000008662   0.00000000009012   0.00000000012500
     59.0000000       0.00000000028701  -0.00000000020698   0.00000000035385
     60.0000000      -0.00000000050233   0.00000000018770   0.00000000053625
     61.0000000       0.00000000070132  -0.00000000003100   0.00000000070201
     62.0000000      -0.00000000127022   0.00000000028394   0.00000000130157
     63.0000000       0.00000000177121  -0.00000000810373   0.00000000829504
     64.0000000       0.00000003012829   0.00000003073002   0.00000004303543
     65.0000000      -0.00000007786170  -0.00000000734389   0.00000007820727
     66.0000000       0.00000007694180  -0.00000006319966   0.00000009957026
     67.0000000       0.00000000582049   0.00000007974079   0.00000007995293
     68.0000000      -0.00000005139353  -0.00000004614841   0.00000006907221
     69.0000000       0.00000007600194   0.00000001728766   0.00000007794330
     70.0000000      -0.00000009124952   0.00000001241264   0.00000009208989
     71.0000000       0.00000009815786  -0.00000003973836   0.00000010589666
     72.0000000      -0.00000009749339   0.00000005932237   0.00000011412320
     73.0000000       0.00000009043392  -0.00000010685843   0.00000013998935
     74.0000000      -0.00000009283278   0.00000017244249   0.00000019584264
     75.0000000       0.00000014776263  -0.00000018839210   0.00000023942719
     76.0000000      -0.00000017742064   0.00000013004174   0.00000021997486
     77.0000000       0.00000014515984  -0.00000006704760   0.00000015989609
     78.0000000      -0.00000012062009   0.00000004185197   0.00000012767456
     79.0000000       0.00000008757470   0.00000001243920   0.00000008845373
     80.0000000       0.00000000075699  -0.00000002315073   0.00000002316310
     81.0000000      -0.00000004654001  -0.00000003839620   0.00000006033441
     82.0000000       0.00000002524751   0.00000010697476   0.00000010991377
     83.0000000       0.00000005929158  -0.00000012738966   0.00000014051199
     84.0000000      -0.00000012861818   0.00000006885678   0.00000014589000
     85.0000000       0.00000012970964   0.00000004573510   0.00000013753650
     86.0000000       0.00000006636508   0.00000002408871   0.00000007060163
     87.0000000       0.00000019473407  -0.00000001280406   0.00000019515456
     88.0000000       0.00000007495919  -0.00000024575009   0.00000025692798
     89.0000000      -0.00000014333835  -0.00000012728032   0.00000019169289
     90.0000000      -0.00000006662322  -0.00000006925790   0.00000009610052
     91.0000000      -0.00000026214038  -0.00000015239537   0.00000030321927
     92.0000000      -0.00000040463682   0.00000023708436   0.00000046897756
     93.0000000      -0.00000000331599   0.00000038683416   0.00000038684837
     94.0000000       0.00000007640881   0.00000012153745   0.00000014356064
     95.0000000       0.00000001788173   0.00000008746236   0.00000008927161
     96.0000000       0.00000000838833  -0.00000007762451   0.00000007807643
     97.0000000      -0.00000025924526  -0.00000011217279   0.00000028247272
     98.0000000      -0.00000032614598   0.00000011840985   0.00000034697563
     99.0000000      -0.00000029345634   0.00000018180721   0.00000034521078
     100.000000      -0.00000055014177   0.00000027304066   0.00000061417193
     101.000000      -0.00000101455071   0.00000054336698   0.00000115089566
     102.000000      -0.00000175565480   0.00000065863540   0.00000187513316
     103.000000      -0.00000298767252   0.00000019370068   0.00000299394507
     104.000000      -0.00000452876390  -0.00000139668788   0.00000473924461
     105.000000      -0.00000544454273  -0.00000472598464   0.00000720957532
     106.000000      -0.00000374135523  -0.00000976320506   0.00001045552064
     107.000000       0.00000326521966  -0.00001455560077   0.00001491734471
     108.000000       0.00001679058368  -0.00001364681419   0.00002163698773
     109.000000       0.00003235548824   0.00000166100955   0.00003239809519
     110.000000       0.00003507833727   0.00003722863405   0.00005115135325
     111.000000       0.00000068690493   0.00008319770608   0.00008320054168
     112.000000      -0.00008844897149   0.00010189208603   0.00013492671253
     113.000000      -0.00021268228832   0.00003304299401   0.00021523381523
     114.000000      -0.00028984977301  -0.00017124259855   0.00033665548929
     115.000000      -0.00017884715547  -0.00048865268183   0.00052035348416
     116.000000       0.00027533337753  -0.00075491514222   0.00080355792619
     117.000000       0.00110141595618  -0.00058298856516   0.00124619130781
     118.000000       0.00184879825105   0.00056998967800   0.00193466875876
     119.000000       0.00122521034426   0.00271713077225   0.00298059390411
     120.000000      -0.00212423329172   0.00398525920777   0.00451604451160
     121.000000      -0.00665175079376   0.00069592575685   0.00668805661469
     122.000000      -0.00575096718953  -0.00775218641260   0.00965246174770
     123.000000       0.00595808422581  -0.01218838820281   0.01356670831942
     124.000000       0.01857353634066   0.00055075447762   0.01858170020995
     125.000000       0.00840578929187   0.02336622843406   0.02483219532888
     126.000000      -0.02536595338921   0.02019934311150   0.03242599348485
     127.000000      -0.03378961652194  -0.02397454278452   0.04143086876263
     128.000000       0.01925006732876  -0.04815476953133   0.05185987775514
     129.000000       0.06255195697512   0.01181266204795   0.06365757068941
     130.000000      -0.00268928691721   0.07663947333529   0.07668664249551
     131.000000      -0.09046244479290   0.00682456813517   0.09071950533452
     132.000000      -0.01525349264691  -0.10433057821924   0.10543973913801
     133.000000       0.11861176120924  -0.02098259304958   0.12045338977481
     134.000000       0.02228172205532   0.13346797680127   0.13531509882188
     135.000000      -0.14855516184100   0.01737260420077   0.14956752149555
     136.000000      -0.00459968669134  -0.16272322770913   0.16278822424775
     137.000000       0.17378911324398   0.01723688322463   0.17464182209719
     138.000000      -0.04836414875322   0.17848607176040   0.18492260190977
     139.000000      -0.17271542930499  -0.08739676585632   0.19356862917878
     140.000000       0.13072578891368  -0.15221446632597   0.20064514857331
     141.000000       0.11370666980264   0.17216542429595   0.20632532583425
     142.000000      -0.20322117361821   0.05650574679548   0.21093066355482
     143.000000       0.01586936313456  -0.21453213088580   0.21511827413936
     144.000000       0.19861202320697   0.09543162856236   0.22034956658099
     145.000000      -0.17224805744020   0.15198294820096   0.22971332098026
     146.000000      -0.07313897997841  -0.23770455957659   0.24870216733230
     147.000000       0.28156165197067   0.04247277865088   0.28474708213918
     148.000000      -0.19866983151312   0.28071920164830   0.34390837751865
     149.000000      -0.19653427740668  -0.37610154610955   0.42435609478569
     150.000000       0.51030073812488  -0.00447031818640   0.51032031810960
     151.000000      -0.25660902772848   0.51328882668272   0.57385853022246
     152.000000      -0.34531453459865  -0.47575225279639   0.58786251270678
     153.000000       0.53837220110459  -0.06949331733173   0.54283878645134
     154.000000      -0.18102261888201   0.41621178689027   0.45387381516595
     155.000000      -0.18624537836965  -0.29829933683550   0.35166722241424
     156.000000       0.26294077026204   0.03431506249352   0.26517045872406
     157.000000      -0.16267059317669   0.12990371526396   0.20817467935327
     158.000000       0.02257775846536  -0.17573647324724   0.17718087709089
     159.000000       0.09663606635671   0.12886786964888   0.16107593597039
     160.000000      -0.14981381600259  -0.02356734484728   0.15165618750453
