#    Start: ------ Host: "cpn-p27-15" ----------Thu Jun 15 14:52:07 2023

#    Time[fs]   CPU-time[s]     Delta-CPU    Real time        RealT[s]     [h]
#        0.00           0.2                  Jun 15 14:52:08         0     0.00
         0.50           0.4         0.200    Jun 15 14:52:08         0     0.00
         1.00           0.7         0.230    Jun 15 14:52:09         1     0.00
         1.50           0.9         0.190    Jun 15 14:52:09         1     0.00
         2.00           1.1         0.190    Jun 15 14:52:09         1     0.00
         2.50           1.2         0.160    Jun 15 14:52:09         1     0.00
         3.00           1.4         0.160    Jun 15 14:52:10         2     0.00
         3.50           1.6         0.180    Jun 15 14:52:10         2     0.00
         4.00           1.8         0.210    Jun 15 14:52:10         2     0.00
         4.50           2.0         0.200    Jun 15 14:52:10         2     0.00
         5.00           2.2         0.200    Jun 15 14:52:11         3     0.00
         5.50           2.4         0.210    Jun 15 14:52:11         3     0.00
         6.00           2.6         0.230    Jun 15 14:52:11         3     0.00
         6.50           2.8         0.220    Jun 15 14:52:11         3     0.00
         7.00           3.0         0.210    Jun 15 14:52:12         4     0.00
         7.50           3.2         0.190    Jun 15 14:52:12         4     0.00
         8.00           3.4         0.190    Jun 15 14:52:12         4     0.00
         8.50           3.6         0.210    Jun 15 14:52:12         4     0.00
         9.00           3.8         0.230    Jun 15 14:52:13         5     0.00
         9.50           4.0         0.200    Jun 15 14:52:13         5     0.00
        10.00           4.2         0.190    Jun 15 14:52:13         5     0.00
        10.50           4.4         0.200    Jun 15 14:52:13         5     0.00
        11.00           4.7         0.210    Jun 15 14:52:14         6     0.00
        11.50           4.9         0.210    Jun 15 14:52:14         6     0.00
        12.00           5.1         0.220    Jun 15 14:52:14         6     0.00
        12.50           5.3         0.190    Jun 15 14:52:14         6     0.00
        13.00           5.5         0.200    Jun 15 14:52:15         7     0.00
        13.50           5.7         0.200    Jun 15 14:52:15         7     0.00
        14.00           5.9         0.220    Jun 15 14:52:15         7     0.00
        14.50           6.1         0.200    Jun 15 14:52:15         7     0.00
        15.00           6.3         0.210    Jun 15 14:52:16         8     0.00
        15.50           6.5         0.220    Jun 15 14:52:16         8     0.00
        16.00           6.7         0.210    Jun 15 14:52:16         8     0.00
        16.50           6.9         0.200    Jun 15 14:52:16         8     0.00
        17.00           7.1         0.210    Jun 15 14:52:17         9     0.00
        17.50           7.3         0.200    Jun 15 14:52:17         9     0.00
        18.00           7.5         0.210    Jun 15 14:52:17         9     0.00
        18.50           7.8         0.210    Jun 15 14:52:17         9     0.00
        19.00           8.0         0.200    Jun 15 14:52:18        10     0.00
        19.50           8.2         0.200    Jun 15 14:52:18        10     0.00
        20.00           8.4         0.210    Jun 15 14:52:18        10     0.00
        20.50           8.6         0.200    Jun 15 14:52:18        10     0.00
        21.00           8.8         0.200    Jun 15 14:52:19        11     0.00
        21.50           9.0         0.210    Jun 15 14:52:19        11     0.00
        22.00           9.2         0.190    Jun 15 14:52:19        11     0.00
        22.50           9.3         0.180    Jun 15 14:52:19        11     0.00
        23.00           9.6         0.220    Jun 15 14:52:20        12     0.00
        23.50           9.8         0.210    Jun 15 14:52:20        12     0.00
        24.00          10.0         0.210    Jun 15 14:52:20        12     0.00
        24.50          10.2         0.200    Jun 15 14:52:20        12     0.00
        25.00          10.4         0.210    Jun 15 14:52:21        13     0.00
        25.50          10.6         0.190    Jun 15 14:52:21        13     0.00
        26.00          10.8         0.210    Jun 15 14:52:21        13     0.00
        26.50          11.0         0.220    Jun 15 14:52:21        13     0.00
        27.00          11.2         0.210    Jun 15 14:52:22        14     0.00
        27.50          11.4         0.200    Jun 15 14:52:22        14     0.00
        28.00          11.6         0.200    Jun 15 14:52:22        14     0.00
        28.50          11.8         0.200    Jun 15 14:52:22        14     0.00
        29.00          12.0         0.190    Jun 15 14:52:23        15     0.00
        29.50          12.2         0.210    Jun 15 14:52:23        15     0.00
        30.00          12.5         0.220    Jun 15 14:52:23        15     0.00
        30.50          12.7         0.200    Jun 15 14:52:23        15     0.00
        31.00          12.9         0.210    Jun 15 14:52:24        16     0.00
        31.50          13.1         0.210    Jun 15 14:52:24        16     0.00
        32.00          13.3         0.270    Jun 15 14:52:24        16     0.00
        32.50          13.6         0.210    Jun 15 14:52:25        17     0.00
        33.00          13.8         0.210    Jun 15 14:52:25        17     0.00
        33.50          14.0         0.230    Jun 15 14:52:25        17     0.00
        34.00          14.2         0.200    Jun 15 14:52:25        17     0.00
        34.50          14.4         0.200    Jun 15 14:52:26        18     0.01
        35.00          14.6         0.220    Jun 15 14:52:26        18     0.01
        35.50          14.8         0.220    Jun 15 14:52:26        18     0.01
        36.00          15.0         0.200    Jun 15 14:52:26        18     0.01
        36.50          15.5         0.480    Jun 15 14:52:27        19     0.01
        37.00          15.8         0.260    Jun 15 14:52:27        19     0.01
        37.50          16.0         0.270    Jun 15 14:52:28        20     0.01
        38.00          16.2         0.210    Jun 15 14:52:28        20     0.01
        38.50          16.5         0.270    Jun 15 14:52:28        20     0.01
        39.00          16.8         0.240    Jun 15 14:52:29        21     0.01
        39.50          17.0         0.260    Jun 15 14:52:29        21     0.01
        40.00          17.3         0.250    Jun 15 14:52:29        21     0.01
        40.50          17.5         0.230    Jun 15 14:52:30        22     0.01
        41.00          17.7         0.230    Jun 15 14:52:30        22     0.01
        41.50          18.0         0.230    Jun 15 14:52:30        22     0.01
        42.00          18.2         0.270    Jun 15 14:52:31        23     0.01
        42.50          18.6         0.360    Jun 15 14:52:31        23     0.01
        43.00          19.0         0.380    Jun 15 14:52:31        23     0.01
        43.50          19.3         0.370    Jun 15 14:52:32        24     0.01
        44.00          19.7         0.330    Jun 15 14:52:32        24     0.01
        44.50          19.9         0.260    Jun 15 14:52:33        25     0.01
        45.00          20.2         0.250    Jun 15 14:52:33        25     0.01
        45.50          20.4         0.220    Jun 15 14:52:33        25     0.01
        46.00          20.6         0.230    Jun 15 14:52:34        26     0.01
        46.50          20.8         0.200    Jun 15 14:52:34        26     0.01
        47.00          21.1         0.220    Jun 15 14:52:34        26     0.01
        47.50          21.3         0.230    Jun 15 14:52:34        26     0.01
        48.00          21.5         0.220    Jun 15 14:52:35        27     0.01
        48.50          21.7         0.220    Jun 15 14:52:35        27     0.01
        49.00          21.9         0.230    Jun 15 14:52:35        27     0.01
        49.50          22.2         0.230    Jun 15 14:52:36        28     0.01
        50.00          22.4         0.200    Jun 15 14:52:36        28     0.01
        50.50          22.6         0.230    Jun 15 14:52:36        28     0.01
        51.00          22.9         0.240    Jun 15 14:52:36        28     0.01
        51.50          23.1         0.250    Jun 15 14:52:37        29     0.01
        52.00          23.3         0.240    Jun 15 14:52:37        29     0.01
        52.50          23.6         0.300    Jun 15 14:52:37        29     0.01
        53.00          23.9         0.290    Jun 15 14:52:38        30     0.01
        53.50          24.2         0.300    Jun 15 14:52:38        30     0.01
        54.00          24.5         0.270    Jun 15 14:52:38        30     0.01
        54.50          24.8         0.280    Jun 15 14:52:39        31     0.01
        55.00          25.0         0.270    Jun 15 14:52:39        31     0.01
        55.50          25.3         0.290    Jun 15 14:52:39        31     0.01
        56.00          25.6         0.280    Jun 15 14:52:40        32     0.01
        56.50          25.9         0.300    Jun 15 14:52:40        32     0.01
        57.00          26.2         0.280    Jun 15 14:52:40        32     0.01
        57.50          26.5         0.280    Jun 15 14:52:41        33     0.01
        58.00          26.8         0.290    Jun 15 14:52:41        33     0.01
        58.50          27.0         0.250    Jun 15 14:52:41        33     0.01
        59.00          27.3         0.300    Jun 15 14:52:42        34     0.01
        59.50          27.6         0.300    Jun 15 14:52:42        34     0.01
        60.00          28.0         0.330    Jun 15 14:52:42        34     0.01
        60.50          28.2         0.240    Jun 15 14:52:43        35     0.01
        61.00          28.5         0.290    Jun 15 14:52:43        35     0.01
        61.50          28.8         0.270    Jun 15 14:52:43        35     0.01
        62.00          29.0         0.280    Jun 15 14:52:44        36     0.01
        62.50          29.3         0.240    Jun 15 14:52:44        36     0.01
        63.00          29.6         0.300    Jun 15 14:52:44        36     0.01
        63.50          29.9         0.290    Jun 15 14:52:45        37     0.01
        64.00          30.2         0.300    Jun 15 14:52:45        37     0.01
        64.50          30.4         0.270    Jun 15 14:52:45        37     0.01
        65.00          30.7         0.260    Jun 15 14:52:46        38     0.01
        65.50          31.0         0.290    Jun 15 14:52:46        38     0.01
        66.00          31.3         0.300    Jun 15 14:52:46        38     0.01
        66.50          31.5         0.260    Jun 15 14:52:47        39     0.01
        67.00          31.8         0.300    Jun 15 14:52:47        39     0.01
        67.50          32.1         0.290    Jun 15 14:52:47        39     0.01
        68.00          32.4         0.290    Jun 15 14:52:48        40     0.01
        68.50          32.7         0.260    Jun 15 14:52:48        40     0.01
        69.00          33.0         0.290    Jun 15 14:52:48        40     0.01
        69.50          33.2         0.270    Jun 15 14:52:49        41     0.01
        70.00          33.5         0.300    Jun 15 14:52:49        41     0.01
        70.50          33.8         0.290    Jun 15 14:52:49        41     0.01
        71.00          34.1         0.240    Jun 15 14:52:50        42     0.01
        71.50          34.3         0.260    Jun 15 14:52:50        42     0.01
        72.00          34.6         0.270    Jun 15 14:52:50        42     0.01
        72.50          34.9         0.290    Jun 15 14:52:51        43     0.01
        73.00          35.1         0.240    Jun 15 14:52:51        43     0.01
        73.50          35.4         0.280    Jun 15 14:52:51        43     0.01
        74.00          35.7         0.280    Jun 15 14:52:52        44     0.01
        74.50          36.0         0.270    Jun 15 14:52:52        44     0.01
        75.00          36.2         0.230    Jun 15 14:52:52        44     0.01
        75.50          36.5         0.290    Jun 15 14:52:53        45     0.01
        76.00          36.8         0.290    Jun 15 14:52:53        45     0.01
        76.50          37.1         0.280    Jun 15 14:52:53        45     0.01
        77.00          37.3         0.260    Jun 15 14:52:54        46     0.01
        77.50          37.6         0.270    Jun 15 14:52:54        46     0.01
        78.00          37.9         0.290    Jun 15 14:52:54        46     0.01
        78.50          38.1         0.280    Jun 15 14:52:55        47     0.01
        79.00          38.4         0.250    Jun 15 14:52:55        47     0.01
        79.50          38.6         0.230    Jun 15 14:52:55        47     0.01
        80.00          38.9         0.260    Jun 15 14:52:55        47     0.01
