#    Start: ------ Host: "cpn-p27-16" ----------Thu Jun 15 11:00:47 2023

#    Time[fs]   CPU-time[s]     Delta-CPU    Real time        RealT[s]     [h]
#        0.00           0.2                  Jun 15 11:00:48         0     0.00
         1.00           2.3         2.050    Jun 15 11:00:50         2     0.00
         2.00           4.0         1.720    Jun 15 11:00:51         3     0.00
         3.00           5.7         1.670    Jun 15 11:00:53         5     0.00
         4.00           7.3         1.690    Jun 15 11:00:55         7     0.00
         5.00           9.5         2.120    Jun 15 11:00:57         9     0.00
         6.00          11.8         2.310    Jun 15 11:00:59        11     0.00
         7.00          14.2         2.400    Jun 15 11:01:02        14     0.00
         8.00          16.8         2.640    Jun 15 11:01:04        16     0.00
         9.00          19.5         2.650    Jun 15 11:01:07        19     0.01
        10.00          22.1         2.600    Jun 15 11:01:10        22     0.01
        11.00          24.8         2.730    Jun 15 11:01:13        25     0.01
        12.00          27.7         2.900    Jun 15 11:01:15        27     0.01
        13.00          30.7         3.020    Jun 15 11:01:19        31     0.01
        14.00          33.5         2.790    Jun 15 11:01:21        33     0.01
        15.00          36.4         2.880    Jun 15 11:01:24        36     0.01
        16.00          39.1         2.720    Jun 15 11:01:27        39     0.01
        17.00          41.9         2.780    Jun 15 11:01:30        42     0.01
        18.00          44.5         2.650    Jun 15 11:01:33        45     0.01
        19.00          47.3         2.730    Jun 15 11:01:35        47     0.01
        20.00          50.0         2.730    Jun 15 11:01:38        50     0.01
        21.00          52.7         2.670    Jun 15 11:01:41        53     0.01
        22.00          55.3         2.680    Jun 15 11:01:43        55     0.02
        23.00          58.0         2.640    Jun 15 11:01:46        58     0.02
        24.00          60.7         2.740    Jun 15 11:01:49        61     0.02
        25.00          63.5         2.730    Jun 15 11:01:52        64     0.02
        26.00          66.4         2.940    Jun 15 11:01:55        67     0.02
        27.00          69.3         2.890    Jun 15 11:01:58        70     0.02
        28.00          72.1         2.830    Jun 15 11:02:00        72     0.02
        29.00          75.0         2.890    Jun 15 11:02:03        75     0.02
        30.00          77.9         2.940    Jun 15 11:02:06        78     0.02
        31.00          80.9         2.960    Jun 15 11:02:09        81     0.02
        32.00          83.7         2.790    Jun 15 11:02:12        84     0.02
        33.00          86.7         3.050    Jun 15 11:02:15        87     0.02
        34.00          89.7         2.960    Jun 15 11:02:18        90     0.03
        35.00          92.6         2.870    Jun 15 11:02:21        93     0.03
        36.00          95.5         2.960    Jun 15 11:02:24        96     0.03
        37.00          98.4         2.910    Jun 15 11:02:27        99     0.03
        38.00         101.1         2.670    Jun 15 11:02:30       102     0.03
        39.00         103.8         2.670    Jun 15 11:02:32       104     0.03
        40.00         106.6         2.770    Jun 15 11:02:35       107     0.03
        41.00         109.2         2.680    Jun 15 11:02:38       110     0.03
        42.00         111.9         2.670    Jun 15 11:02:41       113     0.03
        43.00         114.5         2.570    Jun 15 11:02:43       115     0.03
        44.00         117.0         2.570    Jun 15 11:02:46       118     0.03
        45.00         119.6         2.530    Jun 15 11:02:48       120     0.03
        46.00         122.1         2.520    Jun 15 11:02:51       123     0.03
        47.00         124.7         2.630    Jun 15 11:02:54       126     0.04
        48.00         127.3         2.620    Jun 15 11:02:56       128     0.04
        49.00         129.8         2.410    Jun 15 11:02:59       131     0.04
        50.00         132.1         2.370    Jun 15 11:03:01       133     0.04
        51.00         134.6         2.460    Jun 15 11:03:04       136     0.04
        52.00         137.2         2.580    Jun 15 11:03:06       138     0.04
        53.00         139.6         2.470    Jun 15 11:03:09       141     0.04
        54.00         142.1         2.470    Jun 15 11:03:11       143     0.04
        55.00         144.5         2.420    Jun 15 11:03:14       146     0.04
        56.00         147.0         2.470    Jun 15 11:03:16       148     0.04
        57.00         149.6         2.610    Jun 15 11:03:19       151     0.04
        58.00         152.2         2.620    Jun 15 11:03:22       154     0.04
        59.00         154.8         2.550    Jun 15 11:03:24       156     0.04
        60.00         157.3         2.530    Jun 15 11:03:27       159     0.04
        61.00         159.8         2.530    Jun 15 11:03:29       161     0.04
        62.00         162.3         2.520    Jun 15 11:03:32       164     0.05
        63.00         164.9         2.520    Jun 15 11:03:34       166     0.05
        64.00         167.8         2.900    Jun 15 11:03:37       169     0.05
        65.00         170.7         2.950    Jun 15 11:03:40       172     0.05
        66.00         173.6         2.840    Jun 15 11:03:43       175     0.05
        67.00         176.5         2.920    Jun 15 11:03:46       178     0.05
        68.00         179.2         2.680    Jun 15 11:03:49       181     0.05
        69.00         181.8         2.590    Jun 15 11:03:51       183     0.05
        70.00         184.4         2.670    Jun 15 11:03:54       186     0.05
        71.00         187.1         2.640    Jun 15 11:03:57       189     0.05
        72.00         189.6         2.570    Jun 15 11:03:59       191     0.05
        73.00         192.6         3.000    Jun 15 11:04:02       194     0.05
        74.00         195.6         2.930    Jun 15 11:04:05       197     0.05
        75.00         198.4         2.840    Jun 15 11:04:08       200     0.06
        76.00         201.4         2.990    Jun 15 11:04:11       203     0.06
        77.00         204.4         3.030    Jun 15 11:04:14       206     0.06
        78.00         207.7         3.300    Jun 15 11:04:18       210     0.06
        79.00         212.9         5.210    Jun 15 11:04:23       215     0.06
        80.00         220.4         7.520    Jun 15 11:04:31       223     0.06
        81.00         224.9         4.440    Jun 15 11:04:35       227     0.06
        82.00         228.3         3.410    Jun 15 11:04:38       230     0.06
        83.00         231.8         3.490    Jun 15 11:04:42       234     0.07
        84.00         234.9         3.100    Jun 15 11:04:45       237     0.07
        85.00         238.2         3.320    Jun 15 11:04:48       240     0.07
        86.00         240.8         2.610    Jun 15 11:04:51       243     0.07
        87.00         243.5         2.680    Jun 15 11:04:54       246     0.07
        88.00         246.2         2.670    Jun 15 11:04:57       249     0.07
        89.00         248.6         2.460    Jun 15 11:04:59       251     0.07
        90.00         251.1         2.520    Jun 15 11:05:02       254     0.07
        91.00         253.6         2.470    Jun 15 11:05:04       256     0.07
        92.00         256.1         2.510    Jun 15 11:05:07       259     0.07
        93.00         258.8         2.630    Jun 15 11:05:09       261     0.07
        94.00         261.6         2.840    Jun 15 11:05:12       264     0.07
        95.00         264.4         2.820    Jun 15 11:05:15       267     0.07
        96.00         267.4         3.000    Jun 15 11:05:18       270     0.07
        97.00         270.2         2.790    Jun 15 11:05:21       273     0.08
        98.00         273.2         2.970    Jun 15 11:05:24       276     0.08
        99.00         276.1         2.940    Jun 15 11:05:27       279     0.08
       100.00         278.9         2.770    Jun 15 11:05:30       282     0.08
