#    time[fs]         Re(autocorrel)     Im(autocorrel)     Abs(autocorrel)
     0.00000000       1.00000000000000   0.00000000000000   1.00000000000000
     2.00000000      -0.35321526091102   0.53344887863173   0.63978803259665
     4.00000000      -0.18217516489173  -0.18449634647672   0.25928110723033
     6.00000000       0.19508666542496  -0.06881203261064   0.20686687230835
     8.00000000      -0.01836026284625   0.15253189568299   0.15363293413989
     10.0000000      -0.20803660423191  -0.05106519039690   0.21421223674341
     12.0000000       0.17924358692964  -0.13414409319511   0.22388144450700
     14.0000000      -0.02389110951621   0.20278011508599   0.20418266377977
     16.0000000      -0.23954915165989  -0.14204947866346   0.27849928267328
     18.0000000       0.17996216726457  -0.17272623126988   0.24944083991050
     20.0000000       0.08028636504575   0.15133881453926   0.17131648256490
     22.0000000      -0.12066849007687   0.01073066626514   0.12114467258582
     24.0000000       0.03819188910043  -0.09495834253616   0.10235090234226
     26.0000000       0.08056903771682   0.10163779935271   0.12969815764256
     28.0000000      -0.13495775382628   0.02826746799476   0.13788634836223
     30.0000000       0.02442356485854  -0.08505573730499   0.08849287524369
     32.0000000       0.05967592619583   0.07294494433097   0.09424532386691
     34.0000000      -0.06417910686559   0.07807665865007   0.10106889919270
     36.0000000      -0.04070416398243  -0.09340282754920   0.10188678599158
     38.0000000       0.02627028238624   0.04495022517763   0.05206390765369
     40.0000000       0.08847647134726   0.00587310619096   0.08867118674289
     42.0000000      -0.24102629271954  -0.06140188725692   0.24872447716467
     44.0000000       0.35271795041051  -0.05179144743742   0.35650007934004
     46.0000000      -0.12032100653796   0.28099165848301   0.30566886781506
     48.0000000      -0.15174696648266  -0.25007496906958   0.29251432784026
     50.0000000       0.05362759646726   0.16339558562192   0.17197103390858
     52.0000000      -0.02117518084738  -0.21979320871638   0.22081087582309
     54.0000000       0.02224701881418  -0.05329271437909   0.05774983335050
     56.0000000       0.11138796622011   0.06721103245237   0.13009458828854
     58.0000000       0.00568882151594   0.02613590212379   0.02674786103719
     60.0000000      -0.14707529804255  -0.02213716381685   0.14873196467525
     62.0000000       0.11534992566136  -0.09856955406549   0.15172858115316
     64.0000000       0.04279075016223   0.12348267617214   0.13068672317447
     66.0000000      -0.04936267048621   0.03452968278558   0.06024095144337
     68.0000000      -0.13183303077922   0.03033475801432   0.13527803054533
     70.0000000       0.01636945628895  -0.13192238972340   0.13293410401221
     72.0000000       0.07732702306919   0.02189909705411   0.08036814635494
     74.0000000      -0.06490633043951   0.04826990635070   0.08088767267160
     76.0000000       0.03671234972391  -0.06766419416656   0.07698207450089
     78.0000000       0.01828240350800   0.05767255349453   0.06050098928620
     80.0000000      -0.03448833234601   0.01488325065513   0.03756269716184
     82.0000000      -0.01942011607099  -0.08235823042079   0.08461689563116
     84.0000000       0.20987078414727   0.05879946916072   0.21795211311702
     86.0000000      -0.20425208654064   0.13832806370191   0.24668515979630
     88.0000000       0.03250728728072  -0.26820749453959   0.27017028677032
     90.0000000       0.16035482454100   0.33277618933411   0.36939634803461
     92.0000000      -0.25436363870784  -0.29006972211549   0.38579956503974
     94.0000000       0.13806195708165   0.12603849439760   0.18694064850436
     96.0000000       0.06573754881968  -0.00318124062855   0.06581447877752
     98.0000000      -0.14618259384944   0.00383949306404   0.14623300739415
     100.000000       0.01613604378585  -0.12316550055949   0.12421800367551
     102.000000       0.24184557856714   0.14987418258146   0.28451986657690
     104.000000      -0.24108993864085   0.15686025464569   0.28762735961893
     106.000000      -0.18518416581392  -0.29510986672237   0.34840064395045
     108.000000       0.36631343498163   0.07324933134678   0.37356525158370
     110.000000      -0.17008750544428   0.10447504853058   0.19961161106941
     112.000000      -0.13102495993374  -0.09190882100968   0.16004615429628
     114.000000       0.16500599586273  -0.08559656894599   0.18588639349338
     116.000000       0.03579805048551   0.11709590967850   0.12244571238716
     118.000000      -0.17264736585030   0.02747308405471   0.17481957351088
     120.000000       0.11647869962350  -0.11941457527451   0.16681465239592
     122.000000       0.00267878947443   0.11984497252949   0.11987490710588
     124.000000      -0.10741939274952  -0.01961569207923   0.10919570190453
     126.000000       0.11292813456592  -0.08531071594607   0.14152979132243
     128.000000       0.03215949401207   0.07477518726767   0.08139755331721
     130.000000      -0.09368202670789   0.16154981219494   0.18674759422364
     132.000000      -0.11026145074349  -0.30414159818409   0.32351151334385
     134.000000       0.24746208880593   0.18414454568102   0.30845858571332
     136.000000      -0.24243002712777  -0.05303271612315   0.24816282363112
     138.000000       0.14769070921403  -0.15570705538007   0.21460948880065
     140.000000       0.00391492911897   0.15280418342358   0.15285432653921
     142.000000       0.04212185530618  -0.05503920561957   0.06930775461425
     144.000000      -0.10881246397874  -0.03539585747295   0.11442473090801
     146.000000       0.13471066146246   0.10527281434816   0.17096586721458
     148.000000       0.02075241382108   0.02470778729143   0.03226666131226
     150.000000      -0.22213759011811  -0.04148486581111   0.22597810299860
     152.000000       0.16832233059790   0.00925182296425   0.16857640168799
     154.000000      -0.04184157983734  -0.05001844977990   0.06521167933483
     156.000000       0.09766948635527  -0.07071035711682   0.12057894993941
     158.000000      -0.01772451011455   0.22426744972492   0.22496676924586
     160.000000       0.00401139685081  -0.07968892261651   0.07978982198548
     162.000000      -0.10528502791289   0.02169280872526   0.10749658158755
     164.000000       0.05105485449776  -0.04596438409709   0.06869732726396
     166.000000       0.11465058360792   0.01817858700602   0.11608280383921
     168.000000      -0.17828187037971   0.07330572260443   0.19276450470106
     170.000000       0.09027610323004  -0.08983316114568   0.12735686732889
     172.000000       0.05628183424762  -0.10310815254634   0.11746887242072
     174.000000       0.05356578784148   0.27417517641804   0.27935876752116
     176.000000      -0.21850218049950  -0.08219722720400   0.23345146614031
     178.000000       0.11844920891186  -0.15533895865500   0.19534688932221
     180.000000      -0.03829851205565   0.19088282634221   0.19468700372153
     182.000000       0.03753263075596  -0.20516122274050   0.20856611826430
     184.000000      -0.04777035160090   0.14895533099878   0.15642792949160
     186.000000       0.11788973340939  -0.05598011750387   0.13050579603636
     188.000000      -0.13966904866501   0.04481445918004   0.14668257874263
     190.000000      -0.01810010544298  -0.03234846936608   0.03706800894808
     192.000000       0.13794859732576   0.01076427215241   0.13836793363752
     194.000000      -0.12853493095458   0.01938888203462   0.12998906577882
     196.000000      -0.00374668002976  -0.04762911893546   0.04777625541850
     198.000000       0.08376434622858   0.13305317170635   0.15722471879517
     200.000000      -0.13445568904474  -0.25721518159213   0.29023780242753
