 ------ Host: "cpn-p27-16" ----------Thu Jun 15 11:00:47 2023
           
 /user/mrecio/QUANTICS/butatriene_gwp
 ---------------------------------------------------------------------------
  
 Subroutine         Calls N       cpu/N          cpu     %cpu        Clock
 PropWF                   1    278.7606        278.761   100.0        281.424
 RK5                    100      2.7190        271.902    97.5        272.415
 Funkr                32125      0.0083        266.540    95.6        267.055
 Gwp_Gdot             32125      0.0050        161.904    58.1        162.183
 subgdot1             32125      0.0050        161.768    58.0        162.067
 GWP overlap          32226      0.0014         44.262    15.9         44.392
 Gwp_Ymat             32125      0.0012         37.204    13.3         37.257
 Gh_elements          32125      0.0005         16.795     6.0         16.837
 Gh_elems: sum        96375      0.0001         14.071     5.0         14.129
 Setgwpdyn             5303      0.0011          6.043     2.2          6.050
 Setgwpdyn1ms          5303      0.0011          6.022     2.2          6.032
 Output                 101      0.0552          5.578     2.0          5.580
 Mfields              32125      0.0000          1.242     0.4          1.254
 Density              32631      0.0000          0.885     0.3          0.897
 PhiHPhi              32125      0.0000          0.411     0.1          0.420
 PhiHunPhi            32125      0.0000          0.217     0.1          0.221
 Gh_elems: kinet      64250      0.0000          0.168     0.1          0.157
 GenOPER                  1      0.0600          0.060     0.0          0.207
 HPhi                 32125      0.0000          0.073     0.0          0.073
 Init_WF                  1      0.0210          0.021     0.0          0.095
 HunPhi               32125      0.0000          0.050     0.0          0.050
 Dicht1Phi            32125      0.0000          0.042     0.0          0.042
 Hlochphi             32125      0.0000          0.036     0.0          0.036
 Importho              5302      0.0000          0.035     0.0          0.035
 AddHunPhi            32125      0.0000          0.030     0.0          0.029
 CalcOPs                  1      0.0030          0.003     0.0          0.056
 Project              32125      0.0000          0.029     0.0          0.029
 GenDVR                   1      0.0060          0.006     0.0          0.023

Total (cpu,wall)      278.882      282.619   (     0h :  4m :  43s)


 ---------------------------------------------------------------------------
 ------ Host: "cpn-p27-16" ----------Thu Jun 15 11:05:30 2023
           
