
# ------ Host: "cpn-p27-15" ----------Thu Jun 15 15:44:54 2023
                 
# The first  2 columns are the adiabatic populations. The second  2 columns are the diabatic populations.

#    Time[fs]           1             2             1             2
         0.000      0.00000000    1.00000000    0.00000000    1.00000000
         0.500      0.00684257    0.99315742    0.00679185    0.99320814
         1.000      0.02025317    0.97974687    0.02240415    0.97759589
         1.500      0.03289607    0.96710389    0.03708688    0.96291307
         2.000      0.03299923    0.96700079    0.04529054    0.95470948
         2.500      0.03265191    0.96734807    0.04836305    0.95163692
         3.000      0.03102975    0.96897027    0.05050982    0.94949019
         3.500      0.15315430    0.84684569    0.05351241    0.94648759
         4.000      0.13741045    0.86258951    0.05704269    0.94295727
         4.500      0.26571364    0.73428634    0.06320856    0.93679141
         5.000      0.20034338    0.79965661    0.07198700    0.92801300
         5.500      0.05674873    0.94325127    0.08080795    0.91919204
         6.000      0.07464422    0.92535579    0.08849086    0.91150915
         6.500      0.14688735    0.85311265    0.09685667    0.90314333
         7.000      0.27240952    0.72759043    0.10991165    0.89008830
         7.500      0.36380432    0.63619570    0.12801366    0.87198636
         8.000      0.52258282    0.47741716    0.14390060    0.85609938
         8.500      0.59289449    0.40710552    0.15674258    0.84325743
         9.000      0.56939380    0.43060618    0.17400936    0.82599063
         9.500      0.49109074    0.50890931    0.21232814    0.78767191
        10.000      0.37316019    0.62683985    0.25620839    0.74379165
        10.500      0.33539939    0.66460063    0.28759200    0.71240802
        11.000      0.34150494    0.65849500    0.32302234    0.67697760
        11.500      0.35995687    0.64004312    0.35694950    0.64305050
        12.000      0.37212974    0.62787030    0.35861089    0.64138915
        12.500      0.37625104    0.62374898    0.33812322    0.66187681
        13.000      0.37854929    0.62145070    0.34780372    0.65219627
        13.500      0.38961536    0.61038461    0.39086285    0.60913712
        14.000      0.40007152    0.59992852    0.40657158    0.59342847
        14.500      0.40113565    0.59886434    0.37631605    0.62368394
        15.000      0.41286390    0.58713609    0.36927131    0.63072869
        15.500      0.42439693    0.57560310    0.39790823    0.60209180
        16.000      0.42337730    0.57662270    0.37775810    0.62224190
        16.500      0.42277084    0.57722916    0.33820839    0.66179161
        17.000      0.40442482    0.59557521    0.37040670    0.62959333
        17.500      0.38446729    0.61553272    0.41024195    0.58975806
        18.000      0.39097410    0.60902590    0.37820984    0.62179016
        18.500      0.40553806    0.59446199    0.32983919    0.67016086
        19.000      0.43503128    0.56496875    0.33914165    0.66085838
        19.500      0.46984997    0.53015004    0.37388572    0.62611429
        20.000      0.49106138    0.50893861    0.37075271    0.62924728
        20.500      0.50505296    0.49494706    0.35347431    0.64652571
        21.000      0.55532383    0.44467619    0.37477000    0.62523003
        21.500      0.63160100    0.36839898    0.42281642    0.57718357
        22.000      0.83217508    0.16782495    0.44715164    0.55284839
        22.500      0.87070379    0.12929624    0.42290242    0.57709761
        23.000      0.88797483    0.11202518    0.38863639    0.61136362
        23.500      0.85598966    0.14401034    0.39988875    0.60011125
        24.000      0.69373212    0.30626788    0.47002720    0.52997280
        24.500      0.63109414    0.36890586    0.54640449    0.45359551
        25.000      0.67133797    0.32866202    0.56729037    0.43270963
        25.500      0.76317966    0.23682038    0.54540268    0.45459735
        26.000      0.71403551    0.28596449    0.55706413    0.44293586
        26.500      0.71172596    0.28827404    0.61346653    0.38653347
        27.000      0.69642428    0.30357571    0.64903839    0.35096159
        27.500      0.70555772    0.29444228    0.63049731    0.36950269
        28.000      0.71364555    0.28635447    0.63022258    0.36977744
        28.500      0.71284578    0.28715421    0.67732973    0.32267027
        29.000      0.70009289    0.29990709    0.70640215    0.29359783
        29.500      0.68100400    0.31899597    0.68341651    0.31658346
        30.000      0.68750055    0.31249946    0.65017906    0.34982094
        30.500      0.70597259    0.29402741    0.67371077    0.32628924
        31.000      0.71888587    0.28111413    0.71618053    0.28381948
        31.500      0.70406825    0.29593176    0.69170222    0.30829778
        32.000      0.69159233    0.30840771    0.63012823    0.36987180
        32.500      0.68579927    0.31420073    0.63568602    0.36431398
        33.000      0.67835366    0.32164632    0.68317836    0.31682163
        33.500      0.67586269    0.32413732    0.66936352    0.33063649
        34.000      0.69352158    0.30647842    0.60522793    0.39477207
        34.500      0.71564085    0.28435913    0.59150621    0.40849377
        35.000      0.71580961    0.28419038    0.63848633    0.36151365
        35.500      0.73703459    0.26296540    0.65174440    0.34825559
        36.000      0.76241350    0.23758650    0.58256737    0.41743263
        36.500      0.77279170    0.22720832    0.51115580    0.48884422
        37.000      0.74994643    0.25005359    0.52750254    0.47249748
        37.500      0.72682212    0.27317788    0.60408209    0.39591792
        38.000      0.75069856    0.24930143    0.63560452    0.36439547
        38.500      0.77014308    0.22985691    0.58663081    0.41336918
        39.000      0.76465833    0.23534166    0.54010160    0.45989838
        39.500      0.78142903    0.21857097    0.55336754    0.44663245
        40.000      0.78306104    0.21693897    0.61422714    0.38577286
        40.500      0.77808973    0.22191030    0.68018635    0.31981369
        41.000      0.76625911    0.23374094    0.72758378    0.27241628
        41.500      0.76489962    0.23510039    0.73588688    0.26411313
        42.000      0.77202729    0.22797270    0.71715545    0.28284454
        42.500      0.76672705    0.23327295    0.70107055    0.29892946
        43.000      0.75104990    0.24895010    0.69618419    0.30381581
        43.500      0.73424843    0.26575158    0.69845530    0.30154471
        44.000      0.73738155    0.26261845    0.68685150    0.31314851
        44.500      0.74511558    0.25488439    0.66716245    0.33283752
        45.000      0.74540088    0.25459910    0.67270345    0.32729653
        45.500      0.74424248    0.25575752    0.71280439    0.28719560
        46.000      0.74209456    0.25790544    0.74104289    0.25895711
        46.500      0.73042185    0.26957815    0.70284548    0.29715451
        47.000      0.73549541    0.26450460    0.65213681    0.34786320
        47.500      0.75498505    0.24501499    0.67596965    0.32403040
        48.000      0.76792982    0.23207020    0.71605832    0.28394170
        48.500      0.77046206    0.22953794    0.73138939    0.26861061
        49.000      0.74494082    0.25505919    0.73403163    0.26596837
        49.500      0.73485909    0.26514092    0.71831563    0.28168438
        50.000      0.72530507    0.27469491    0.67352416    0.32647581

# ------ Host: "cpn-p27-15" ----------Thu Jun 15 15:44:57 2023
                 
