#    time[fs]         Re(autocorrel)     Im(autocorrel)     Abs(autocorrel)
     0.00000000       1.00000000000000   0.00000000000000   1.00000000000000
     1.00000000      -0.18805210190482  -0.92571084172077   0.94461852380217
     2.00000000      -0.75680133082980   0.30902924076244   0.81746396005694
     3.00000000       0.33825805317799   0.59136763593345   0.68127394737307
     4.00000000       0.47587086983030  -0.29435021970178   0.55954904752983
     5.00000000      -0.21967442433389  -0.40338161467643   0.45931860376583
     6.00000000      -0.36053684917650   0.15354084535247   0.39186937977554
     7.00000000       0.10609866268883   0.33781419913096   0.35408383097629
     8.00000000       0.32569177998084  -0.05700264473154   0.33064246105647
     9.00000000       0.00373135091537  -0.31233945628688   0.31236174370949
     10.0000000      -0.31205415866001  -0.07249809361374   0.32036505975939
     11.0000000      -0.14541986870759   0.34775697150621   0.37693746092171
     12.0000000       0.44306615873147   0.21094252620968   0.49071821891670
     13.0000000       0.21495104901756  -0.57672603224340   0.61548100680766
     14.0000000      -0.69373543464534  -0.13845067012095   0.70741603129948
     15.0000000       0.00776222979588   0.75659095747786   0.75663077465080
     16.0000000       0.71814979359529  -0.16820733907301   0.73758581531845
     17.0000000      -0.27784328286563  -0.61396289807475   0.67390454075180
     18.0000000      -0.49251184332168   0.32808635427725   0.59178422729493
     19.0000000       0.32335236451022   0.40008024217955   0.51441321116083
     20.0000000       0.34229894468684  -0.29241173579533   0.45019239305497
     21.0000000      -0.26096184284706  -0.29109959349433   0.39094763940290
     22.0000000      -0.25285150212093   0.23949095674422   0.34826685240929
     23.0000000       0.22196018254712   0.24097346007367   0.32761949132527
     24.0000000       0.23454393634305  -0.17250208568675   0.29114915016461
     25.0000000      -0.12576919650124  -0.22076375968468   0.25407583194527
     26.0000000      -0.19237744227452   0.09477144531738   0.21445444071791
     27.0000000       0.03866358949614   0.20465491956016   0.20827508072955
     28.0000000       0.27557192930235   0.01069171937300   0.27577926151647
     29.0000000       0.04703139727165  -0.38559984503768   0.38845745304010
     30.0000000      -0.43665307844686   0.04396056825875   0.43886039064690
     31.0000000       0.19034066051585   0.44542995084611   0.48439385643955
     32.0000000       0.43602765797611  -0.29082284745196   0.52411644423753
     33.0000000      -0.29525796890980  -0.38667754657720   0.48651494656558
     34.0000000      -0.28790929291210   0.25446161135551   0.38424272614948
     35.0000000       0.27793891752944   0.19589490159553   0.34003654854818
     36.0000000       0.14078409325154  -0.27778704453926   0.31142543734658
     37.0000000      -0.24534713345289  -0.11049372514080   0.26908006092805
     38.0000000      -0.06425189682412   0.22336470667023   0.23242224168822
     39.0000000       0.21509826546525   0.03952688151967   0.21869988150164
     40.0000000       0.04803256204635  -0.17401302696762   0.18052052673082
     41.0000000      -0.05322063327569  -0.07600565740465   0.09278629081808
     42.0000000      -0.09209909393835  -0.02968594698120   0.09676517220796
     43.0000000      -0.05058730322674   0.08903414170415   0.10240192203641
     44.0000000       0.13522668399911   0.01749288638265   0.13635342731076
     45.0000000      -0.01997998198221  -0.24493448458610   0.24574804458930
     46.0000000      -0.28819945490583  -0.01862683874380   0.28880077030647
     47.0000000      -0.04744576941405   0.27776359962937   0.28178665389680
     48.0000000       0.22866667279662  -0.01446503001679   0.22912373151043
     49.0000000      -0.06282443710846  -0.19622064330410   0.20603264488102
     50.0000000      -0.16773210589820   0.07185043934964   0.18247340897726
     51.0000000       0.10390009913255   0.06944774668452   0.12497287753473
     52.0000000      -0.01371896718454  -0.16300775784336   0.16358404316353
     53.0000000      -0.14837961973430  -0.02410514307270   0.15032487976064
     54.0000000      -0.04647464882512   0.10107528168881   0.11124794628167
     55.0000000       0.01647648773951   0.02007100805405   0.02596767245126
     56.0000000      -0.08495778559839  -0.04239063559953   0.09494625490410
     57.0000000       0.00351209894199   0.14276779493305   0.14281098735399
     58.0000000       0.02418968505894  -0.04992366603217   0.05547533950632
     59.0000000      -0.04612197809055  -0.00844895473167   0.04688946255870
     60.0000000      -0.03719811268843   0.06790478953965   0.07742583567521
     61.0000000       0.03531639137906   0.11259077649107   0.11799970530006
     62.0000000       0.15440000193648  -0.11213643751130   0.19082437269833
     63.0000000      -0.12390982089358  -0.09211751789616   0.15439974357889
     64.0000000      -0.00913686710317   0.00947386502432   0.01316193218947
     65.0000000      -0.08359304989290   0.03874491190839   0.09213558590026
     66.0000000       0.07929399705568   0.08851732423852   0.11883961738164
     67.0000000       0.10756935841248  -0.07676415768432   0.13215106043561
     68.0000000      -0.02728368817442  -0.10895432867521   0.11231849971160
     69.0000000      -0.16978530537901  -0.02475211822754   0.17158006084447
     70.0000000      -0.02742931177400   0.11956038321114   0.12266642726513
     71.0000000       0.01419660467924   0.04528017473138   0.04745353314689
     72.0000000       0.03936463432178  -0.02405336640180   0.04613175555457
     73.0000000      -0.11852817223271   0.03170413795623   0.12269506907930
     74.0000000       0.10949869159755   0.15616255976448   0.19072679028855
     75.0000000       0.09306288131880  -0.10006548453731   0.13665211697973
     76.0000000      -0.08277410076954  -0.03357361932038   0.08932379118956
     77.0000000      -0.00829254805173   0.15649632851846   0.15671588047466
     78.0000000       0.20338958154986  -0.10479268544639   0.22879866434508
     79.0000000      -0.15229102081920  -0.13414677341545   0.20294805207228
     80.0000000      -0.13376073062461   0.09885628712039   0.16632648183755
     81.0000000       0.07406368066586   0.12975859829064   0.14940790683269
     82.0000000       0.09626402018034  -0.02242797638358   0.09884217574468
     83.0000000       0.00178950041725  -0.06530696290794   0.06533147569129
     84.0000000       0.01849114354873  -0.05853797572942   0.06138906248053
     85.0000000      -0.14010262924610  -0.02662338773401   0.14260978751862
     86.0000000      -0.00005828561037   0.05617389665202   0.05617392689037
     87.0000000       0.06951045163759   0.02352492516083   0.07338341086843
     88.0000000      -0.07346463380140  -0.04724422551202   0.08734454341173
     89.0000000      -0.05815568607721   0.10114700623720   0.11667390751089
     90.0000000       0.11710912405250  -0.04239652202007   0.12454722805323
     91.0000000      -0.27746348246469  -0.08533323147854   0.29028907057622
     92.0000000      -0.02685569753621   0.36251487212541   0.36350826813466
     93.0000000       0.20513450375776   0.12178459963192   0.23856163425716
     94.0000000       0.20220472697531  -0.10304289309617   0.22694622585271
     95.0000000       0.04688099235444  -0.12144871975530   0.13018302106780
     96.0000000      -0.02612978311808   0.06897092257502   0.07375468613347
     97.0000000       0.17263218288504  -0.07459447944957   0.18805905171516
     98.0000000      -0.09597264835400  -0.10044925197920   0.13892732436516
     99.0000000       0.06689939820080   0.07639092939014   0.10154360429254
     100.000000       0.05557434669655  -0.05660739977254   0.07932783697893
