#    Start: ------ Host: "cpn-p27-15" ----------Thu Jun 15 15:39:12 2023

#    Time[fs]   CPU-time[s]     Delta-CPU    Real time        RealT[s]     [h]
#        0.00           0.9                  Jun 15 15:39:15         0     0.00
         0.50           2.2         1.280    Jun 15 15:39:16         1     0.00
         1.00           3.2         1.040    Jun 15 15:39:17         2     0.00
         1.50           4.6         1.340    Jun 15 15:39:19         4     0.00
         2.00           5.8         1.190    Jun 15 15:39:20         5     0.00
         2.50           7.1         1.330    Jun 15 15:39:21         6     0.00
         3.00           8.3         1.200    Jun 15 15:39:23         8     0.00
         3.50           9.4         1.130    Jun 15 15:39:24         9     0.00
         4.00          10.6         1.170    Jun 15 15:39:25        10     0.00
         4.50          11.9         1.270    Jun 15 15:39:26        11     0.00
         5.00          13.1         1.270    Jun 15 15:39:28        13     0.00
         5.50          14.3         1.190    Jun 15 15:39:29        14     0.00
         6.00          15.5         1.160    Jun 15 15:39:30        15     0.00
         6.50          16.7         1.190    Jun 15 15:39:31        16     0.00
         7.00          17.8         1.100    Jun 15 15:39:33        18     0.01
         7.50          18.9         1.160    Jun 15 15:39:34        19     0.01
         8.00          20.1         1.150    Jun 15 15:39:35        20     0.01
         8.50          21.2         1.170    Jun 15 15:39:36        21     0.01
         9.00          22.4         1.190    Jun 15 15:39:37        22     0.01
         9.50          23.7         1.260    Jun 15 15:39:39        24     0.01
        10.00          25.1         1.350    Jun 15 15:39:40        25     0.01
        10.50          26.2         1.160    Jun 15 15:39:41        26     0.01
        11.00          27.4         1.190    Jun 15 15:39:42        27     0.01
        11.50          28.5         1.130    Jun 15 15:39:44        29     0.01
        12.00          29.6         1.110    Jun 15 15:39:45        30     0.01
        12.50          30.8         1.140    Jun 15 15:39:46        31     0.01
        13.00          31.9         1.120    Jun 15 15:39:47        32     0.01
        13.50          33.0         1.110    Jun 15 15:39:48        33     0.01
        14.00          34.1         1.120    Jun 15 15:39:49        34     0.01
        14.50          35.3         1.160    Jun 15 15:39:51        36     0.01
        15.00          36.4         1.090    Jun 15 15:39:52        37     0.01
        15.50          37.4         1.070    Jun 15 15:39:53        38     0.01
        16.00          38.6         1.150    Jun 15 15:39:54        39     0.01
        16.50          39.7         1.140    Jun 15 15:39:55        40     0.01
        17.00          41.1         1.380    Jun 15 15:39:57        42     0.01
        17.50          42.5         1.380    Jun 15 15:39:58        43     0.01
        18.00          43.8         1.260    Jun 15 15:39:59        44     0.01
        18.50          45.0         1.240    Jun 15 15:40:01        46     0.01
        19.00          46.2         1.210    Jun 15 15:40:02        47     0.01
        19.50          47.5         1.320    Jun 15 15:40:03        48     0.01
        20.00          48.7         1.190    Jun 15 15:40:04        49     0.01
        20.50          49.9         1.220    Jun 15 15:40:06        51     0.01
        21.00          51.2         1.280    Jun 15 15:40:07        52     0.01
        21.50          52.5         1.250    Jun 15 15:40:08        53     0.01
        22.00          53.8         1.300    Jun 15 15:40:10        55     0.02
        22.50          54.9         1.170    Jun 15 15:40:11        56     0.02
        23.00          56.1         1.130    Jun 15 15:40:12        57     0.02
        23.50          57.3         1.250    Jun 15 15:40:13        58     0.02
        24.00          58.5         1.130    Jun 15 15:40:14        59     0.02
        24.50          59.6         1.110    Jun 15 15:40:16        61     0.02
        25.00          60.6         1.070    Jun 15 15:40:17        62     0.02
        25.50          61.7         1.100    Jun 15 15:40:18        63     0.02
        26.00          62.8         1.050    Jun 15 15:40:19        64     0.02
        26.50          63.8         1.060    Jun 15 15:40:20        65     0.02
        27.00          64.9         1.040    Jun 15 15:40:21        66     0.02
        27.50          65.9         1.040    Jun 15 15:40:22        67     0.02
        28.00          67.0         1.060    Jun 15 15:40:24        69     0.02
        28.50          68.0         1.070    Jun 15 15:40:25        70     0.02
        29.00          69.2         1.130    Jun 15 15:40:26        71     0.02
        29.50          70.3         1.130    Jun 15 15:40:27        72     0.02
        30.00          71.4         1.120    Jun 15 15:40:28        73     0.02
        30.50          72.6         1.130    Jun 15 15:40:29        74     0.02
        31.00          73.7         1.110    Jun 15 15:40:31        76     0.02
        31.50          74.8         1.160    Jun 15 15:40:32        77     0.02
        32.00          76.1         1.280    Jun 15 15:40:33        78     0.02
        32.50          77.3         1.210    Jun 15 15:40:34        79     0.02
        33.00          78.4         1.100    Jun 15 15:40:35        80     0.02
        33.50          79.6         1.140    Jun 15 15:40:37        82     0.02
        34.00          80.6         1.080    Jun 15 15:40:38        83     0.02
        34.50          81.7         1.100    Jun 15 15:40:39        84     0.02
        35.00          82.8         1.100    Jun 15 15:40:40        85     0.02
        35.50          83.9         1.080    Jun 15 15:40:41        86     0.02
        36.00          85.0         1.070    Jun 15 15:40:42        87     0.02
        36.50          86.1         1.110    Jun 15 15:40:44        89     0.02
        37.00          87.2         1.130    Jun 15 15:40:45        90     0.03
        37.50          88.3         1.070    Jun 15 15:40:46        91     0.03
        38.00          89.5         1.150    Jun 15 15:40:47        92     0.03
        38.50          90.6         1.110    Jun 15 15:40:48        93     0.03
        39.00          92.3         1.740    Jun 15 15:41:06       111     0.03
        39.50          93.4         1.130    Jun 15 15:41:08       113     0.03
        40.00          94.7         1.220    Jun 15 15:41:09       114     0.03
        40.50          96.0         1.300    Jun 15 15:41:10       115     0.03
        41.00          97.4         1.480    Jun 15 15:41:12       117     0.03
        41.50          98.6         1.220    Jun 15 15:41:13       118     0.03
        42.00          99.8         1.110    Jun 15 15:41:14       119     0.03
        42.50         100.8         1.060    Jun 15 15:41:15       120     0.03
        43.00         101.9         1.030    Jun 15 15:41:16       121     0.03
        43.50         103.1         1.230    Jun 15 15:41:18       123     0.03
        44.00         104.2         1.160    Jun 15 15:41:19       124     0.03
        44.50         105.4         1.190    Jun 15 15:41:20       125     0.03
        45.00         106.6         1.210    Jun 15 15:41:22       127     0.04
        45.50         107.8         1.180    Jun 15 15:41:23       128     0.04
        46.00         109.0         1.220    Jun 15 15:41:24       129     0.04
        46.50         110.4         1.320    Jun 15 15:41:25       130     0.04
        47.00         111.6         1.270    Jun 15 15:41:27       132     0.04
        47.50         112.9         1.270    Jun 15 15:41:28       133     0.04
        48.00         114.1         1.230    Jun 15 15:41:29       134     0.04
        48.50         115.3         1.200    Jun 15 15:41:31       136     0.04
        49.00         116.5         1.150    Jun 15 15:41:32       137     0.04
        49.50         117.6         1.100    Jun 15 15:41:33       138     0.04
        50.00         118.7         1.120    Jun 15 15:41:34       139     0.04
