 ------ Host: "cpn-p27-15" ----------Thu Jun 15 15:39:12 2023
           
 /user/mrecio/QUANTICS/but_dd
 ---------------------------------------------------------------------------
  
 Subroutine         Calls N       cpu/N          cpu     %cpu        Clock
 PropWF                   1    118.0397        118.040    99.5        138.366
 Funkr                15399      0.0076        116.327    98.0        132.969
 RK5                    100      1.1578        115.784    97.5        132.459
 Gh_elements          15399      0.0067        103.877    87.5        120.497
 Gh_elems: LHA        46197      0.0021         96.003    80.9         96.190
 DBread              923960      0.0001         92.813    78.2         93.241
 Gh_elems: sum        61596      0.0001          6.603     5.6          6.613
 Gwp_Gdot             15399      0.0004          6.557     5.5          6.576
 subgdot1             15399      0.0004          6.499     5.5          6.523
 GWP overlap          15500      0.0001          2.087     1.8          2.090
 Gwp_Ymat             15399      0.0001          1.650     1.4          1.652
 Output                 101      0.0097          0.984     0.8          0.996
 GenOPER                  1      0.4520          0.452     0.4          1.039
 Init_WF                  1      0.1590          0.159     0.1          0.460
 Setgwpdyn             2509      0.0001          0.226     0.2          0.226
 Setgwpdyn1ms          2509      0.0001          0.216     0.2          0.217
 Mfields              15399      0.0000          0.202     0.2          0.204
 PrepareDB                3      0.0344          0.103     0.1          0.240
 Density              15905      0.0000          0.154     0.1          0.157
 CalcOPs                  1      0.0180          0.018     0.0          0.250
 PhiHPhi              15399      0.0000          0.068     0.1          0.069
 Gh_elems: kinet      30798      0.0000          0.059     0.0          0.059
 HPhi                 15399      0.0000          0.038     0.0          0.038
 PhiHunPhi            15399      0.0000          0.030     0.0          0.030
 GenDVR                   1      0.0100          0.010     0.0          0.040
 Dicht1Phi            15399      0.0000          0.018     0.0          0.018
 Hlochphi             15399      0.0000          0.017     0.0          0.018
 HunPhi               15399      0.0000          0.017     0.0          0.017
 AddHunPhi            15399      0.0000          0.016     0.0          0.016
 Project              15399      0.0000          0.015     0.0          0.016
 Importho              2508      0.0000          0.013     0.0          0.012
 DBupdate               101      0.0001          0.006     0.0          0.006

Total (cpu,wall)      118.692      141.665   (     0h :  2m :  22s)


 ---------------------------------------------------------------------------
 ------ Host: "cpn-p27-15" ----------Thu Jun 15 15:41:34 2023
           
