
# ------ Host: "cpn-p27-15" ----------Wed Jun 14 15:07:25 2023
                 
# The first  2 columns are the adiabatic populations. The second  2 columns are the diabatic populations.

#    Time[fs]           1             2             1             2
         0.000      0.14790215    0.85208901    0.00000000    0.99999116
         1.000      0.17999840    0.81999055    0.08195010    0.91803885
         2.000      0.27207896    0.72790076    0.21692792    0.78305179
         3.000      0.42148253    0.57847781    0.28920276    0.71075758
         4.000      0.60441787    0.39555262    0.31891724    0.68105325
         5.000      0.76141460    0.23856416    0.33233636    0.66764240
         6.000      0.85885260    0.14113174    0.32132887    0.67865547
         7.000      0.90283159    0.09715498    0.29885484    0.70113173
         8.000      0.91420430    0.08577356    0.30584542    0.69413245
         9.000      0.91925071    0.08073147    0.35073879    0.64924339
        10.000      0.92956156    0.07042694    0.39902875    0.60095975
        11.000      0.93114326    0.06884372    0.44237021    0.55761677
        12.000      0.91190766    0.08806444    0.50329915    0.49667294
        13.000      0.88776579    0.11222832    0.56984012    0.43015398
        14.000      0.87989035    0.12009909    0.62564630    0.37434314
        15.000      0.88557000    0.11442498    0.65266412    0.34733086
        16.000      0.89428342    0.10570833    0.64362977    0.35636198
        17.000      0.90085395    0.09911760    0.62678516    0.37318639
        18.000      0.90438095    0.09561911    0.61356179    0.38643827
        19.000      0.91087602    0.08912404    0.59935413    0.40064593
        20.000      0.92493881    0.07506127    0.57933122    0.42066886
        21.000      0.94121449    0.05877739    0.55230478    0.44768710
        22.000      0.95360527    0.04639410    0.51807214    0.48192723
        23.000      0.96027676    0.03968886    0.47921937    0.52074625
        24.000      0.96262464    0.03732939    0.44960121    0.55035283
        25.000      0.96482873    0.03511248    0.44008636    0.55985485
        26.000      0.96953075    0.03046459    0.44527411    0.55472123
        27.000      0.97352309    0.02647074    0.45982269    0.54017113
        28.000      0.97334610    0.02664953    0.48759017    0.51240545
        29.000      0.97118254    0.02880151    0.52824430    0.47173975
        30.000      0.97048522    0.02943745    0.57378790    0.42613478
        31.000      0.97237949    0.02758754    0.61904594    0.38092110
        32.000      0.97628482    0.02368409    0.65351859    0.34645033
        33.000      0.98043836    0.01954920    0.67890113    0.32108644
        34.000      0.98196635    0.01796586    0.69730309    0.30262912
        35.000      0.98226084    0.01773903    0.69279123    0.30720864
        36.000      0.98438543    0.01561457    0.68016227    0.31983773
        37.000      0.98534707    0.01465307    0.67994135    0.32005878
        38.000      0.97928267    0.02071713    0.67854022    0.32145958
        39.000      0.96430128    0.03569157    0.66356039    0.33643246
        40.000      0.93992462    0.06006980    0.62711990    0.37287453
        41.000      0.90727340    0.09271803    0.56484900    0.43514243
        42.000      0.87133334    0.12865588    0.49254337    0.50744585
        43.000      0.84035230    0.15964456    0.42635229    0.57364457
        44.000      0.82170196    0.17829103    0.40579983    0.59419315
        45.000      0.82013594    0.17985306    0.42601923    0.57396977
        46.000      0.83657900    0.16339911    0.44835654    0.55162157
        47.000      0.86394966    0.13604247    0.47158369    0.52840844
        48.000      0.88618935    0.11378732    0.49880482    0.50117185
        49.000      0.89346022    0.10651872    0.56899142    0.43098752
        50.000      0.89469228    0.10529395    0.67132306    0.32866316
        51.000      0.90612486    0.09387526    0.71006947    0.28993066
        52.000      0.92927903    0.07072110    0.69064181    0.30935832
        53.000      0.95380832    0.04619180    0.69899131    0.30100881
        54.000      0.96608048    0.03391967    0.72369220    0.27630795
        55.000      0.96730882    0.03269138    0.70079016    0.29921003
        56.000      0.97026890    0.02973132    0.65371415    0.34628607
        57.000      0.97465985    0.02532238    0.64325773    0.35672451
        58.000      0.96864589    0.03134630    0.65618730    0.34380489
        59.000      0.94911785    0.05087781    0.63071105    0.36928461
        60.000      0.92608716    0.07390557    0.57608460    0.42390814
        61.000      0.90599175    0.09399427    0.52162778    0.47835824
        62.000      0.89454597    0.10545424    0.49364543    0.50635477
        63.000      0.89777629    0.10222391    0.49767659    0.50232361
        64.000      0.90925833    0.09074165    0.49023954    0.50976045
        65.000      0.91720065    0.08279940    0.48335799    0.51664205
        66.000      0.92070861    0.07929119    0.50778971    0.49221009
        67.000      0.92651260    0.07348761    0.54491698    0.45508323
        68.000      0.93393534    0.06606488    0.57488420    0.42511601
        69.000      0.93846807    0.06153214    0.60459933    0.39540088
        70.000      0.94091913    0.05908110    0.63333484    0.36666539
        71.000      0.94580587    0.05419437    0.64576229    0.35423795
        72.000      0.95353687    0.04646336    0.63998561    0.36001462
        73.000      0.95958221    0.04041802    0.62518579    0.37481444
        74.000      0.96133640    0.03866383    0.61032009    0.38968014
        75.000      0.96401513    0.03594739    0.59866373    0.40129879
        76.000      0.96786200    0.03211259    0.58354132    0.41643327
        77.000      0.96592316    0.03404129    0.56853963    0.43142482
        78.000      0.95558684    0.04440317    0.55742169    0.44256832
        79.000      0.94463587    0.05536355    0.54342325    0.45657617
        80.000      0.93858695    0.06141326    0.52987136    0.47012885
        81.000      0.93376434    0.06623579    0.52296315    0.47703698
        82.000      0.92477724    0.07522224    0.50974888    0.49025060
        83.000      0.91481027    0.08518899    0.49151774    0.50848151
        84.000      0.90314326    0.09685681    0.48174887    0.51825119
        85.000      0.87913841    0.12086185    0.49948494    0.50051533
        86.000      0.83836037    0.16163991    0.54277207    0.45722821
        87.000      0.79394700    0.20605326    0.55514876    0.44485150
        88.000      0.76903036    0.23096991    0.53524104    0.46475924
        89.000      0.76685574    0.23314458    0.51972451    0.48027581
        90.000      0.78174134    0.21825900    0.48630085    0.51369950
        91.000      0.80912997    0.19087036    0.44616390    0.55383642
        92.000      0.84336868    0.15663157    0.44337086    0.55662940
        93.000      0.87167585    0.12832268    0.49476899    0.50522955
        94.000      0.89037450    0.10962369    0.55515809    0.44484010
        95.000      0.90517399    0.09481908    0.57077171    0.42922136
        96.000      0.91555133    0.08444270    0.55392019    0.44607384
        97.000      0.91629454    0.08370439    0.51860989    0.48138904
        98.000      0.90979020    0.09020946    0.48669790    0.51330176
        99.000      0.89998309    0.10001709    0.49424082    0.50575935
       100.000      0.88154998    0.11845036    0.50394353    0.49605681

# ------ Host: "cpn-p27-15" ----------Wed Jun 14 15:07:25 2023
                 
