#    time[fs]         Re(autocorrel)     Im(autocorrel)     Abs(autocorrel)
     0.00000000       1.00000000000000   0.00000000000000   1.00000000000000
     2.00000000      -0.35277353307317   0.53350708784375   0.63959282236158
     4.00000000      -0.18209524291354  -0.18508001490265   0.25964069289714
     6.00000000       0.18839989177682  -0.07391604568938   0.20238107873977
     8.00000000      -0.00738795182495   0.14806926156790   0.14825345882451
     10.0000000      -0.20542826119990  -0.05765686228152   0.21336608040587
     12.0000000       0.18694750307650  -0.12627523171293   0.22559876562316
     14.0000000      -0.02894478691303   0.20584099534179   0.20786610125929
     16.0000000      -0.24972568051489  -0.13509285939521   0.28392427893401
     18.0000000       0.17077931076873  -0.18122806026445   0.24901643081102
     20.0000000       0.07862199976090   0.13683260626178   0.15781185311247
     22.0000000      -0.11705362637838   0.01145570505126   0.11761285910371
     24.0000000       0.04818781725243  -0.09776650897986   0.10899704587585
     26.0000000       0.07483613025640   0.09933781597109   0.12437221584285
     28.0000000      -0.11868738459731   0.04458563377788   0.12678554334751
     30.0000000       0.01374465374652  -0.09368140403736   0.09468432272041
     32.0000000       0.07693940529395   0.07547173139137   0.10777594502577
     34.0000000      -0.08359625606422   0.06583783710322   0.10640937375243
     36.0000000      -0.03212655723711  -0.09243645977458   0.09786017972376
     38.0000000       0.02779599348626   0.03109897403243   0.04171047158398
     40.0000000       0.09205893936413   0.02805920137146   0.09624015325452
     42.0000000      -0.25261169416408  -0.05819411882182   0.25922813021333
     44.0000000       0.35445407188405  -0.07861649855662   0.36306782137844
     46.0000000      -0.13067671251963   0.29663813591015   0.32414593452824
     48.0000000      -0.14378053731323  -0.25498617160515   0.29272989362197
     50.0000000       0.04282607771039   0.11829803669667   0.12581136045025
     52.0000000       0.02290764598701  -0.17823272920452   0.17969882026424
     54.0000000       0.01224244899006  -0.03719299722422   0.03915605444621
     56.0000000       0.09771344950205   0.10209316798627   0.14131855208380
     58.0000000      -0.03183506259661   0.00889185455755   0.03305353669432
     60.0000000      -0.10294360265685  -0.03756680209785   0.10958398581832
     62.0000000       0.12789831873358  -0.05654242541934   0.13983928563597
     64.0000000       0.02293617285123   0.17516066815599   0.17665595855763
     66.0000000      -0.15776135991022   0.02148862846961   0.15921811402672
     68.0000000      -0.07619397012217  -0.05697406847402   0.09513971600473
     70.0000000       0.03629691181445  -0.09914029729570   0.10557587013682
     72.0000000       0.07806583215500   0.06195552677237   0.09966324020267
     74.0000000      -0.08005738926234   0.01779258394059   0.08201074087450
     76.0000000       0.08337508624313  -0.05210068148861   0.09831523797270
     78.0000000      -0.02574023370297   0.09978298287932   0.10304951869552
     80.0000000      -0.03997245527816  -0.08145350192628   0.09073296069797
     82.0000000       0.12365173592548  -0.06357883230822   0.13903963361236
     84.0000000       0.13765883279111   0.20648588181665   0.24816602030699
     86.0000000      -0.28056523768440   0.06259964918452   0.28746403022800
     88.0000000       0.13155903039874  -0.30437460867106   0.33158962722486
     90.0000000       0.09241123739242   0.43355954296414   0.44329867368590
     92.0000000      -0.28848338758657  -0.35930825658680   0.46078746528619
     94.0000000       0.18203268268188   0.04519912172571   0.18756027876162
     96.0000000       0.10249672631316   0.06855320360681   0.12330904520623
     98.0000000      -0.22339342995396  -0.03266548548572   0.22576903793172
     100.000000       0.13910100778100  -0.20136993622942   0.24474260271299
     102.000000       0.19284314711992   0.29552415719084   0.35287817568457
     104.000000      -0.34807580682097   0.01990846007175   0.34864468169828
     106.000000      -0.00628450237447  -0.30083483340987   0.30090046853210
     108.000000       0.28605678468071   0.18047381853281   0.33822963092798
     110.000000      -0.28291566614002   0.09819165947093   0.29947099381594
     112.000000      -0.03865475708080  -0.26363617708375   0.26645491947478
     114.000000       0.24800465210531   0.05055037255719   0.25310402531676
     116.000000      -0.06208886411711   0.16158971884626   0.17310766674000
     118.000000      -0.10812118715546  -0.07063023821269   0.12914651238762
     120.000000       0.16227707211932  -0.03823308747048   0.16672017608299
     122.000000      -0.02682802184370   0.21660795932017   0.21826303121897
     124.000000      -0.19042686328034  -0.12929170859455   0.23017110194394
     126.000000       0.21353277347120  -0.05388083937555   0.22022577096724
     128.000000      -0.04222877910311   0.16297508953131   0.16835720831695
     130.000000      -0.18251844016262  -0.01316862040132   0.18299287844796
     132.000000       0.11536040786302  -0.33141401609638   0.35091775926484
     134.000000       0.17265662035922   0.35016563743782   0.39041808641007
     136.000000      -0.29401365728157  -0.21434048204519   0.36384869508004
     138.000000       0.30914774976127  -0.08480348691122   0.32056818709092
     140.000000      -0.08938127910463   0.22364455945799   0.24084414468601
     142.000000      -0.01667838178694  -0.09629208604077   0.09772581160120
     144.000000       0.04781492682286  -0.13696764620314   0.14507378582468
     146.000000       0.10257033698352   0.35075835298601   0.36544780231706
     148.000000      -0.26491186525940  -0.05411391932679   0.27038234524488
     150.000000      -0.07327598192458  -0.24930271972189   0.25984844734526
     152.000000       0.18848854866839   0.12649715477570   0.22700102014190
     154.000000      -0.11002149424800  -0.05226848832492   0.12180609208219
     156.000000       0.09956329927275  -0.02711013004551   0.10318822468267
     158.000000      -0.06965234843252   0.13385708402224   0.15089456115149
     160.000000      -0.04393476821869  -0.09734506219419   0.10680039790197
     162.000000       0.07745814632920  -0.04416824640658   0.08916612822921
     164.000000       0.03617683513242   0.08196919320728   0.08959750016184
     166.000000      -0.03847745813390   0.08500112533661   0.09330437338590
     168.000000      -0.08850645061155  -0.12843854530527   0.15598029272952
     170.000000       0.14969560885361   0.00240551009810   0.14971493508960
     172.000000       0.02119848202845   0.08895690769223   0.09144783795408
     174.000000      -0.13556284572519   0.06108114121961   0.14868823407991
     176.000000      -0.01251106356876  -0.22864965367199   0.22899168289687
     178.000000       0.26210902452587   0.11803186468647   0.28745897414982
     180.000000      -0.31759300811002   0.11927239654298   0.33925097402583
     182.000000       0.14723935989933  -0.28170654900718   0.31786476504498
     184.000000       0.02092739143727   0.13640645196493   0.13800244871027
     186.000000      -0.01360705702669   0.11185509311397   0.11267969584828
     188.000000      -0.18608461297861  -0.24122519480428   0.30465895325062
     190.000000       0.23521454690295   0.02703549764543   0.23676317536242
     192.000000      -0.06052129682761   0.17533625444564   0.18548754538438
     194.000000      -0.12404437697683  -0.17414307172604   0.21380555860349
     196.000000       0.15144774379982  -0.03697223309325   0.15589536594125
     198.000000       0.03134439748468   0.24445233781184   0.24645368066911
     200.000000      -0.08847055024426  -0.12541987947135   0.15348349887571
