#    Start: ------ Host: "cpn-p27-15" ----------Wed Jun 14 15:04:52 2023

#    Time[fs]   CPU-time[s]     Delta-CPU    Real time        RealT[s]     [h]
#        0.00           0.2                  Jun 14 15:04:53         0     0.00
         1.00           0.2         0.020    Jun 14 15:04:53         0     0.00
         2.00           0.2         0.020    Jun 14 15:04:53         0     0.00
         3.00           0.2         0.030    Jun 14 15:04:53         0     0.00
         4.00           0.3         0.060    Jun 14 15:04:53         0     0.00
         5.00           0.3         0.060    Jun 14 15:04:54         1     0.00
         6.00           0.4         0.080    Jun 14 15:04:54         1     0.00
         7.00           0.5         0.080    Jun 14 15:04:54         1     0.00
         8.00           0.6         0.090    Jun 14 15:04:55         2     0.00
         9.00           0.7         0.090    Jun 14 15:04:56         3     0.00
        10.00           0.8         0.130    Jun 14 15:04:56         3     0.00
        11.00           0.9         0.100    Jun 14 15:04:57         4     0.00
        12.00           1.0         0.080    Jun 14 15:04:57         4     0.00
        13.00           1.1         0.080    Jun 14 15:04:58         5     0.00
        14.00           1.2         0.080    Jun 14 15:04:58         5     0.00
        15.00           1.3         0.100    Jun 14 15:04:59         6     0.00
        16.00           1.4         0.090    Jun 14 15:04:59         6     0.00
        17.00           1.4         0.090    Jun 14 15:05:00         7     0.00
        18.00           1.5         0.100    Jun 14 15:05:00         7     0.00
        19.00           1.6         0.090    Jun 14 15:05:00         7     0.00
        20.00           1.7         0.090    Jun 14 15:05:01         8     0.00
        21.00           1.8         0.090    Jun 14 15:05:01         8     0.00
        22.00           1.9         0.090    Jun 14 15:05:02         9     0.00
        23.00           2.0         0.090    Jun 14 15:05:02         9     0.00
        24.00           2.1         0.080    Jun 14 15:05:02         9     0.00
        25.00           2.2         0.100    Jun 14 15:05:03        10     0.00
        26.00           2.3         0.090    Jun 14 15:05:03        10     0.00
        27.00           2.4         0.090    Jun 14 15:05:04        11     0.00
        28.00           2.4         0.080    Jun 14 15:05:04        11     0.00
        29.00           2.5         0.090    Jun 14 15:05:04        11     0.00
        30.00           2.6         0.100    Jun 14 15:05:05        12     0.00
        31.00           2.7         0.080    Jun 14 15:05:05        12     0.00
        32.00           2.8         0.090    Jun 14 15:05:05        12     0.00
        33.00           2.9         0.100    Jun 14 15:05:06        13     0.00
        34.00           3.0         0.100    Jun 14 15:05:06        13     0.00
        35.00           3.1         0.100    Jun 14 15:05:07        14     0.00
        36.00           3.2         0.110    Jun 14 15:05:07        14     0.00
        37.00           3.3         0.100    Jun 14 15:05:08        15     0.00
        38.00           3.4         0.110    Jun 14 15:05:09        16     0.00
        39.00           3.5         0.110    Jun 14 15:05:09        16     0.00
        40.00           3.6         0.110    Jun 14 15:05:10        17     0.00
        41.00           3.7         0.100    Jun 14 15:05:10        17     0.00
        42.00           3.8         0.110    Jun 14 15:05:11        18     0.01
        43.00           4.0         0.120    Jun 14 15:05:11        18     0.01
        44.00           4.1         0.110    Jun 14 15:05:12        19     0.01
        45.00           4.2         0.110    Jun 14 15:05:12        19     0.01
        46.00           4.3         0.100    Jun 14 15:05:12        19     0.01
        47.00           4.4         0.100    Jun 14 15:05:13        20     0.01
        48.00           4.5         0.110    Jun 14 15:05:13        20     0.01
        49.00           4.6         0.110    Jun 14 15:05:14        21     0.01
        50.00           4.7         0.090    Jun 14 15:05:15        22     0.01
        51.00           4.8         0.100    Jun 14 15:05:15        22     0.01
        52.00           4.9         0.090    Jun 14 15:05:16        23     0.01
        53.00           5.0         0.120    Jun 14 15:05:16        23     0.01
        54.00           5.1         0.120    Jun 14 15:05:17        24     0.01
        55.00           5.2         0.110    Jun 14 15:05:18        25     0.01
        56.00           5.4         0.130    Jun 14 15:05:18        25     0.01
        57.00           5.5         0.100    Jun 14 15:05:19        26     0.01
        58.00           5.6         0.110    Jun 14 15:05:19        26     0.01
        59.00           5.7         0.100    Jun 14 15:05:20        27     0.01
        60.00           5.8         0.110    Jun 14 15:05:20        27     0.01
        61.00           5.9         0.090    Jun 14 15:05:20        27     0.01
        62.00           5.9         0.080    Jun 14 15:05:21        28     0.01
        63.00           6.0         0.080    Jun 14 15:05:21        28     0.01
        64.00           6.1         0.080    Jun 14 15:05:21        28     0.01
        65.00           6.2         0.060    Jun 14 15:05:22        29     0.01
        66.00           6.3         0.100    Jun 14 15:05:22        29     0.01
        67.00           6.3         0.080    Jun 14 15:05:23        30     0.01
        68.00           6.5         0.100    Jun 14 15:05:23        30     0.01
        69.00           6.5         0.090    Jun 14 15:05:23        30     0.01
        70.00           6.6         0.080    Jun 14 15:05:24        31     0.01
        71.00           6.7         0.100    Jun 14 15:05:24        31     0.01
        72.00           6.8         0.090    Jun 14 15:05:25        32     0.01
        73.00           6.9         0.090    Jun 14 15:05:25        32     0.01
        74.00           7.0         0.130    Jun 14 15:05:26        33     0.01
        75.00           7.1         0.110    Jun 14 15:05:27        34     0.01
        76.00           7.2         0.100    Jun 14 15:05:27        34     0.01
        77.00           7.3         0.110    Jun 14 15:05:28        35     0.01
        78.00           7.4         0.100    Jun 14 15:05:28        35     0.01
        79.00           7.5         0.090    Jun 14 15:05:28        35     0.01
        80.00           7.7         0.110    Jun 14 15:05:29        36     0.01
        81.00           7.8         0.120    Jun 14 15:05:29        36     0.01
        82.00           7.9         0.120    Jun 14 15:05:30        37     0.01
        83.00           8.0         0.110    Jun 14 15:05:30        37     0.01
        84.00           8.1         0.120    Jun 14 15:05:31        38     0.01
        85.00           8.2         0.100    Jun 14 15:05:32        39     0.01
        86.00           8.3         0.130    Jun 14 15:05:32        39     0.01
        87.00           8.4         0.100    Jun 14 15:05:32        39     0.01
        88.00           8.5         0.070    Jun 14 15:05:33        40     0.01
        89.00           8.6         0.100    Jun 14 15:05:33        40     0.01
        90.00           8.7         0.100    Jun 14 15:05:34        41     0.01
        91.00           8.8         0.100    Jun 14 15:05:34        41     0.01
        92.00           8.9         0.100    Jun 14 15:05:34        41     0.01
        93.00           9.0         0.090    Jun 14 15:05:35        42     0.01
        94.00           9.1         0.100    Jun 14 15:05:35        42     0.01
        95.00           9.2         0.090    Jun 14 15:05:36        43     0.01
        96.00           9.3         0.080    Jun 14 15:05:36        43     0.01
        97.00           9.3         0.070    Jun 14 15:05:36        43     0.01
        98.00           9.4         0.090    Jun 14 15:05:37        44     0.01
        99.00           9.5         0.110    Jun 14 15:05:37        44     0.01
       100.00           9.6         0.090    Jun 14 15:05:38        45     0.01
