 ------ Host: "cpn-p27-15" ----------Wed Jun 14 15:04:52 2023
           
 /user/mrecio/QUANTICS/butatriene
 ---------------------------------------------------------------------------
  
 Subroutine         Calls N       cpu/N          cpu     %cpu        Clock
 PropWF                   1      9.0780          9.078    94.2         30.884
 BS                    3906      0.0018          7.121    73.9          7.150
 Funkphi-Q_5          23828      0.0002          4.447    46.1          4.493
 Funkphi-Q_14         25830      0.0001          2.083    21.6          2.101
 Funk1                 1289      0.0003          0.376     3.9          0.376
 Funk3                  646      0.0005          0.335     3.5          0.332
 GenOPER                  1      0.0990          0.099     1.0          0.414
 Density               1291      0.0002          0.234     2.4          0.235
 Funk0                  645      0.0003          0.202     2.1          0.202
 SIL                   1933      0.0001          0.191     2.0          0.191
 Project               1935      0.0001          0.184     1.9          0.185
 HunPhi                1935      0.0001          0.180     1.9          0.181
 Funka                 5491      0.0000          0.148     1.5          0.149
 Init_WF                  1      0.0210          0.021     0.2          0.203
 Funk2                  646      0.0002          0.101     1.1          0.101
 Calcha                5491      0.0000          0.079     0.8          0.079
 Output                 101      0.0006          0.065     0.7          0.075
 Summf                 1291      0.0001          0.067     0.7          0.069
 Dicht1Phi             1935      0.0000          0.053     0.5          0.051
 CalcOPs                  1      0.0050          0.005     0.1          0.092
 Mfields               1291      0.0000          0.045     0.5          0.045
 GenDVR                   1      0.0090          0.009     0.1          0.054
 PhiHPhi               1291      0.0000          0.030     0.3          0.031
 HPhi                  2580      0.0000          0.018     0.2          0.018
 PhiHunPhi              646      0.0000          0.015     0.2          0.015
 AddHunPhi             1935      0.0000          0.009     0.1          0.009
 Hlochphi              1935      0.0000          0.005     0.1          0.005

Total (cpu,wall)        9.640       45.936   (     0h :  0m :  46s)


 ---------------------------------------------------------------------------
 ------ Host: "cpn-p27-15" ----------Wed Jun 14 15:05:38 2023
           
