#Update-step  Updatetime     Error of A        Error of phi      Time in fs
     1        1.00000000     0.926076E-014     0.570382E-016        0.0000
     2        1.00000000     0.151210E-009     0.961461E-009        1.0000
     3        1.00000000     0.991154E-007     0.173533E-005        2.0000
     4        0.50000000     0.766715E-007     0.177799E-005        3.0000
     5        0.25000000     0.172775E-007     0.211538E-006        3.5000
     6        0.25000000     0.357079E-007     0.381138E-006        3.7500
     7        0.25000000     0.717525E-007     0.851888E-006        4.0000
     8        0.25000000     0.104663E-006     0.107410E-005        4.2500
     9        0.16666667     0.249140E-007     0.184470E-006        4.5000
    10        0.16666667     0.298330E-007     0.184908E-006        4.6667
    11        0.16666667     0.348820E-007     0.198918E-006        4.8333
    12        0.20000000     0.778636E-007     0.472442E-006        5.0000
    13        0.20000000     0.794011E-007     0.596835E-006        5.2000
    14        0.20000000     0.909927E-007     0.762335E-006        5.4000
    15        0.20000000     0.103151E-006     0.904697E-006        5.6000
    16        0.20000000     0.112752E-006     0.101251E-005        5.8000
    17        0.16666667     0.577149E-007     0.523182E-006        6.0000
    18        0.16666667     0.611592E-007     0.541292E-006        6.1667
    19        0.16666667     0.647542E-007     0.549164E-006        6.3333
    20        0.16666667     0.685236E-007     0.548816E-006        6.5000
    21        0.16666667     0.724968E-007     0.542066E-006        6.6667
    22        0.16666667     0.767699E-007     0.530545E-006        6.8333
    23        0.16666667     0.815367E-007     0.516224E-006        7.0000
    24        0.16666667     0.870930E-007     0.501893E-006        7.1667
    25        0.16666667     0.937853E-007     0.491079E-006        7.3333
    26        0.16666667     0.101866E-006     0.487336E-006        7.5000
    27        0.16666667     0.111297E-006     0.493322E-006        7.6667
    28        0.16666667     0.121607E-006     0.510037E-006        7.8333
    29        0.16666667     0.131912E-006     0.536377E-006        8.0000
    30        0.16666667     0.141087E-006     0.569194E-006        8.1667
    31        0.16666667     0.148017E-006     0.604074E-006        8.3333
    32        0.16666667     0.151867E-006     0.636630E-006        8.5000
    33        0.16666667     0.152461E-006     0.663675E-006        8.6667
    34        0.16666667     0.211355E-006     0.690630E-006        8.8333
    35                                         0.425272E-005
    35        0.08333333     0.370047E-006     0.275329E-006        9.0000
    36        0.10185185     0.228961E-007     0.153680E-006        9.0833
    37        0.13580247     0.443727E-007     0.193367E-006        9.1852
    38        0.16975309     0.101713E-006     0.410463E-006        9.3210
    39        0.16975309     0.973842E-007     0.398339E-006        9.4907
    40        0.16975309     0.964258E-007     0.402002E-006        9.6605
    41        0.16975309     0.109204E-006     0.405873E-006        9.8302
    42        0.20000000     0.586056E-006     0.764377E-006       10.0000
    43        0.20000000     0.149661E-005     0.906340E-006       10.2000
    44        0.15000000     0.854100E-007     0.183438E-006       10.4000
    45        0.15000000     0.918897E-007     0.167213E-006       10.5500
    46        0.15000000     0.124951E-006     0.221523E-006       10.7000
    47        0.15000000     0.660055E-007     0.209547E-006       10.8500
    48        0.20000000     0.161952E-006     0.327697E-006       11.0000
    49        0.20000000     0.150790E-006     0.265943E-006       11.2000
    50        0.20000000     0.151867E-006     0.260596E-006       11.4000
    51        0.20000000     0.165578E-006     0.272737E-006       11.6000
    52        0.20000000     0.165882E-006     0.286924E-006       11.8000
    53        0.25000000     0.377060E-006     0.688329E-006       12.0000
    54        0.25000000     0.349249E-006     0.640606E-006       12.2500
    55        0.25000000     0.411190E-006     0.113369E-005       12.5000
    56        0.12500000     0.193069E-007     0.103955E-006       12.7500
    57        0.12500000     0.178076E-007     0.832318E-007       12.8750
    58        0.20000000     0.132080E-006     0.470123E-006       13.0000
    59        0.20000000     0.164508E-006     0.520534E-006       13.2000
    60        0.20000000     0.297380E-006     0.616621E-006       13.4000
    61        0.20000000     0.396959E-006     0.512994E-006       13.6000
    62        0.20000000     0.288587E-006     0.503426E-006       13.8000
    63        0.20000000     0.201058E-006     0.686194E-006       14.0000
    64        0.20000000     0.171256E-006     0.804423E-006       14.2000
    65        0.20000000     0.221110E-006     0.717694E-006       14.4000
    66        0.20000000     0.322332E-006     0.476714E-006       14.6000
    67        0.20000000     0.302315E-006     0.306124E-006       14.8000
    68        0.25000000     0.507140E-006     0.604085E-006       15.0000
    69        0.25000000     0.982672E-006     0.769790E-006       15.2500
    70        0.25000000     0.836044E-006     0.106305E-005       15.5000
    71        0.12500000     0.268728E-007     0.613504E-007       15.7500
    72        0.12500000     0.181346E-007     0.530761E-007       15.8750
    73        0.20000000     0.108907E-006     0.323677E-006       16.0000
    74        0.20000000     0.234311E-006     0.312087E-006       16.2000
    75        0.20000000     0.520356E-006     0.245440E-006       16.4000
    76        0.20000000     0.588567E-006     0.386082E-006       16.6000
    77        0.20000000     0.276631E-006     0.612388E-006       16.8000
    78        0.20000000     0.255037E-006     0.532320E-006       17.0000
    79        0.20000000     0.305807E-006     0.499060E-006       17.2000
    80        0.20000000     0.401028E-006     0.512558E-006       17.4000
    81        0.20000000     0.391899E-006     0.481856E-006       17.6000
    82        0.20000000     0.282775E-006     0.518595E-006       17.8000
    83        0.20000000     0.234943E-006     0.676390E-006       18.0000
    84        0.20000000     0.228408E-006     0.534210E-006       18.2000
    85        0.20000000     0.282073E-006     0.564606E-006       18.4000
    86        0.20000000     0.357597E-006     0.609933E-006       18.6000
    87        0.20000000     0.341173E-006     0.643566E-006       18.8000
    88        0.20000000     0.199550E-006     0.761557E-006       19.0000
    89        0.20000000     0.117432E-006     0.806511E-006       19.2000
    90        0.20000000     0.227788E-006     0.703810E-006       19.4000
    91        0.20000000     0.340175E-006     0.549914E-006       19.6000
    92        0.20000000     0.354566E-006     0.409419E-006       19.8000
    93        0.20000000     0.304110E-006     0.319886E-006       20.0000
    94        0.20000000     0.236264E-006     0.300464E-006       20.2000
    95        0.20000000     0.216836E-006     0.321677E-006       20.4000
    96        0.20000000     0.317802E-006     0.340436E-006       20.6000
    97        0.20000000     0.516525E-006     0.377765E-006       20.8000
    98        0.20000000     0.728195E-006     0.478191E-006       21.0000
    99        0.20000000     0.682555E-006     0.662886E-006       21.2000
   100        0.20000000     0.494506E-006     0.857292E-006       21.4000
   101        0.20000000     0.342197E-006     0.951572E-006       21.6000
   102        0.20000000     0.268518E-006     0.976397E-006       21.8000
   103        0.16666667     0.154691E-006     0.474921E-006       22.0000
   104        0.16666667     0.213558E-006     0.470889E-006       22.1667
   105        0.16666667     0.258590E-006     0.459439E-006       22.3333
   106        0.16666667     0.246377E-006     0.451782E-006       22.5000
   107        0.16666667     0.194786E-006     0.460534E-006       22.6667
   108        0.16666667     0.175180E-006     0.451239E-006       22.8333
   109        0.16666667     0.188325E-006     0.396086E-006       23.0000
   110        0.16666667     0.191443E-006     0.334478E-006       23.1667
   111        0.16666667     0.180752E-006     0.329081E-006       23.3333
   112        0.16666667     0.193283E-006     0.404433E-006       23.5000
   113        0.16666667     0.250502E-006     0.505424E-006       23.6667
   114        0.16666667     0.309996E-006     0.509250E-006       23.8333
   115        0.16666667     0.323925E-006     0.433310E-006       24.0000
   116        0.16666667     0.315902E-006     0.382076E-006       24.1667
   117        0.16666667     0.317527E-006     0.376101E-006       24.3333
   118        0.16666667     0.333159E-006     0.392322E-006       24.5000
   119        0.16666667     0.359517E-006     0.417021E-006       24.6667
   120        0.16666667     0.397968E-006     0.452257E-006       24.8333
   121        0.16666667     0.443678E-006     0.494754E-006       25.0000
   122        0.16666667     0.475099E-006     0.533009E-006       25.1667
   123        0.16666667     0.466293E-006     0.553585E-006       25.3333
   124        0.16666667     0.413992E-006     0.550148E-006       25.5000
   125        0.16666667     0.342421E-006     0.538167E-006       25.6667
   126        0.16666667     0.281495E-006     0.540273E-006       25.8333
   127        0.16666667     0.251400E-006     0.561901E-006       26.0000
   128        0.16666667     0.255315E-006     0.599258E-006       26.1667
   129        0.16666667     0.277020E-006     0.649499E-006       26.3333
   130        0.16666667     0.295817E-006     0.701914E-006       26.5000
   131        0.16666667     0.297789E-006     0.738522E-006       26.6667
   132        0.16666667     0.280005E-006     0.748883E-006       26.8333
   133        0.16666667     0.253279E-006     0.723674E-006       27.0000
   134        0.16666667     0.231096E-006     0.652145E-006       27.1667
   135        0.16666667     0.218069E-006     0.551267E-006       27.3333
   136        0.16666667     0.211858E-006     0.467641E-006       27.5000
   137        0.16666667     0.207346E-006     0.432638E-006       27.6667
   138        0.16666667     0.194308E-006     0.442673E-006       27.8333
   139        0.16666667     0.190196E-006     0.471272E-006       28.0000
   140        0.16666667     0.253147E-006     0.509697E-006       28.1667
   141        0.16666667     0.404049E-006     0.584660E-006       28.3333
   142        0.16666667     0.617046E-006     0.703702E-006       28.5000
   143        0.16666667     0.829055E-006     0.834286E-006       28.6667
   144        0.16666667     0.953672E-006     0.952144E-006       28.8333
   145        0.16666667     0.978766E-006     0.106489E-005       29.0000
   146        0.13888889     0.463322E-006     0.560894E-006       29.1667
   147        0.13888889     0.468963E-006     0.575136E-006       29.3056
   148        0.13888889     0.470266E-006     0.556910E-006       29.4444
   149        0.13888889     0.440882E-006     0.510156E-006       29.5833
   150        0.13888889     0.371452E-006     0.447376E-006       29.7222
   151        0.13888889     0.283877E-006     0.380376E-006       29.8611
   152        0.16666667     0.409469E-006     0.644973E-006       30.0000
   153        0.16666667     0.254752E-006     0.513684E-006       30.1667
   154        0.16666667     0.174390E-006     0.410678E-006       30.3333
   155        0.16666667     0.174483E-006     0.325486E-006       30.5000
   156        0.16666667     0.235269E-006     0.273739E-006       30.6667
   157        0.16666667     0.335013E-006     0.298354E-006       30.8333
   158        0.20000000     0.105501E-005     0.825959E-006       31.0000
   159        0.16000000     0.533728E-006     0.415057E-006       31.2000
   160        0.16000000     0.589888E-006     0.446190E-006       31.3600
   161        0.16000000     0.587297E-006     0.474780E-006       31.5200
   162        0.16000000     0.555104E-006     0.522707E-006       31.6800
   163        0.16000000     0.511748E-006     0.591399E-006       31.8400
   164        0.16666667     0.545423E-006     0.796532E-006       32.0000
   165        0.16666667     0.486107E-006     0.928839E-006       32.1667
   166        0.16666667     0.443982E-006     0.109059E-005       32.3333
   167        0.12500000     0.133592E-006     0.398166E-006       32.5000
   168        0.12500000     0.141632E-006     0.427105E-006       32.6250
   169        0.12500000     0.157872E-006     0.443660E-006       32.7500
   170        0.12500000     0.177349E-006     0.451785E-006       32.8750
   171        0.14285714     0.337802E-006     0.779344E-006       33.0000
   172        0.14285714     0.357799E-006     0.792283E-006       33.1429
   173        0.14285714     0.365715E-006     0.808878E-006       33.2857
   174        0.14285714     0.369572E-006     0.820826E-006       33.4286
   175        0.14285714     0.374225E-006     0.817716E-006       33.5714
   176        0.14285714     0.377005E-006     0.792016E-006       33.7143
   177        0.14285714     0.372984E-006     0.747620E-006       33.8571
   178        0.14285714     0.365907E-006     0.703811E-006       34.0000
   179        0.14285714     0.368431E-006     0.683937E-006       34.1429
   180        0.14285714     0.387619E-006     0.696658E-006       34.2857
   181        0.14285714     0.413831E-006     0.724249E-006       34.4286
   182        0.14285714     0.429479E-006     0.738626E-006       34.5714
   183        0.14285714     0.428248E-006     0.737007E-006       34.7143
   184        0.14285714     0.418204E-006     0.735976E-006       34.8571
   185        0.14285714     0.408837E-006     0.740934E-006       35.0000
   186        0.14285714     0.403027E-006     0.746072E-006       35.1429
   187        0.14285714     0.397301E-006     0.748992E-006       35.2857
   188        0.14285714     0.386974E-006     0.754848E-006       35.4286
   189        0.14285714     0.372030E-006     0.768595E-006       35.5714
   190        0.14285714     0.356704E-006     0.786958E-006       35.7143
   191        0.14285714     0.344181E-006     0.801509E-006       35.8571
   192        0.14285714     0.334124E-006     0.808949E-006       36.0000
   193        0.14285714     0.325244E-006     0.816264E-006       36.1429
   194        0.14285714     0.319517E-006     0.834907E-006       36.2857
   195        0.14285714     0.322804E-006     0.868972E-006       36.4286
   196        0.14285714     0.339693E-006     0.911966E-006       36.5714
   197        0.14285714     0.368050E-006     0.956740E-006       36.7143
   198        0.14285714     0.399339E-006     0.100205E-005       36.8571
   199        0.12500000     0.245771E-006     0.614985E-006       37.0000
   200        0.12500000     0.255491E-006     0.635702E-006       37.1250
   201        0.12500000     0.263874E-006     0.651580E-006       37.2500
   202        0.12500000     0.274013E-006     0.661136E-006       37.3750
   203        0.12500000     0.287302E-006     0.664168E-006       37.5000
   204        0.12500000     0.301725E-006     0.662302E-006       37.6250
   205        0.12500000     0.313245E-006     0.657942E-006       37.7500
   206        0.12500000     0.318454E-006     0.652442E-006       37.8750
   207        0.12500000     0.316842E-006     0.645393E-006       38.0000
   208        0.12500000     0.311793E-006     0.635172E-006       38.1250
   209        0.12500000     0.308896E-006     0.619923E-006       38.2500
   210        0.12500000     0.311827E-006     0.598694E-006       38.3750
   211        0.12500000     0.319500E-006     0.572581E-006       38.5000
   212        0.12500000     0.327189E-006     0.544441E-006       38.6250
   213        0.12500000     0.329735E-006     0.516819E-006       38.7500
   214        0.12500000     0.323875E-006     0.490126E-006       38.8750
   215        0.14285714     0.527706E-006     0.786350E-006       39.0000
   216        0.14285714     0.485622E-006     0.725810E-006       39.1429
   217        0.14285714     0.447958E-006     0.659408E-006       39.2857
   218        0.14285714     0.427325E-006     0.596078E-006       39.4286
   219        0.14285714     0.420504E-006     0.547497E-006       39.5714
   220        0.14285714     0.414781E-006     0.518689E-006       39.7143
   221        0.14285714     0.402942E-006     0.506790E-006       39.8571
   222        0.14285714     0.388462E-006     0.505589E-006       40.0000
   223        0.14285714     0.378851E-006     0.510394E-006       40.1429
   224        0.14285714     0.378019E-006     0.520785E-006       40.2857
   225        0.14285714     0.383480E-006     0.539210E-006       40.4286
   226        0.14285714     0.389469E-006     0.566941E-006       40.5714
   227        0.14285714     0.394009E-006     0.603262E-006       40.7143
   228        0.14285714     0.400470E-006     0.648858E-006       40.8571
   229        0.14285714     0.411448E-006     0.707043E-006       41.0000
   230        0.14285714     0.425602E-006     0.778093E-006       41.1429
   231        0.14285714     0.442360E-006     0.852289E-006       41.2857
   232        0.14285714     0.465722E-006     0.913500E-006       41.4286
   233        0.14285714     0.500642E-006     0.953511E-006       41.5714
   234        0.14285714     0.548675E-006     0.978587E-006       41.7143
   235        0.14285714     0.608566E-006     0.997811E-006       41.8571
   236        0.12500000     0.389006E-006     0.594186E-006       42.0000
   237        0.12500000     0.425357E-006     0.600674E-006       42.1250
   238        0.12500000     0.457371E-006     0.608605E-006       42.2500
   239        0.12500000     0.479697E-006     0.623942E-006       42.3750
   240        0.12500000     0.490966E-006     0.651288E-006       42.5000
   241        0.12500000     0.495310E-006     0.691269E-006       42.6250
   242        0.12500000     0.503875E-006     0.736902E-006       42.7500
   243        0.12500000     0.531779E-006     0.769577E-006       42.8750
   244        0.12500000     0.580994E-006     0.764375E-006       43.0000
   245        0.12500000     0.627974E-006     0.711608E-006       43.1250
   246        0.12500000     0.647311E-006     0.629092E-006       43.2500
   247        0.12500000     0.628426E-006     0.545594E-006       43.3750
   248        0.12500000     0.559204E-006     0.488197E-006       43.5000
   249        0.12500000     0.445433E-006     0.471009E-006       43.6250
   250        0.12500000     0.342171E-006     0.469996E-006       43.7500
   251        0.12500000     0.294274E-006     0.453511E-006       43.8750
   252        0.14285714     0.516572E-006     0.730283E-006       44.0000
   253        0.14285714     0.598427E-006     0.708656E-006       44.1429
   254        0.14285714     0.720247E-006     0.713731E-006       44.2857
   255        0.14285714     0.835143E-006     0.728568E-006       44.4286
   256        0.14285714     0.892897E-006     0.752595E-006       44.5714
   257        0.14285714     0.880967E-006     0.792277E-006       44.7143
   258        0.14285714     0.819722E-006     0.830236E-006       44.8571
   259        0.14285714     0.738048E-006     0.855989E-006       45.0000
   260        0.14285714     0.662720E-006     0.881883E-006       45.1429
   261        0.14285714     0.606634E-006     0.905101E-006       45.2857
   262        0.14285714     0.559326E-006     0.911845E-006       45.4286
   263        0.14285714     0.509978E-006     0.903258E-006       45.5714
   264        0.14285714     0.468371E-006     0.890197E-006       45.7143
   265        0.14285714     0.449314E-006     0.883352E-006       45.8571
   266        0.14285714     0.452950E-006     0.885107E-006       46.0000
   267        0.14285714     0.464222E-006     0.884317E-006       46.1429
   268        0.14285714     0.471518E-006     0.874645E-006       46.2857
   269        0.14285714     0.478259E-006     0.867855E-006       46.4286
   270        0.14285714     0.491836E-006     0.868798E-006       46.5714
   271        0.14285714     0.513497E-006     0.866374E-006       46.7143
   272        0.14285714     0.539861E-006     0.851789E-006       46.8571
   273        0.14285714     0.567843E-006     0.824419E-006       47.0000
   274        0.14285714     0.596338E-006     0.786786E-006       47.1429
   275        0.14285714     0.623445E-006     0.744968E-006       47.2857
   276        0.14285714     0.643911E-006     0.706260E-006       47.4286
   277        0.14285714     0.649718E-006     0.668759E-006       47.5714
   278        0.14285714     0.634074E-006     0.620928E-006       47.7143
   279        0.14285714     0.597103E-006     0.559625E-006       47.8571
   280        0.14285714     0.550422E-006     0.500201E-006       48.0000
   281        0.14285714     0.513745E-006     0.460792E-006       48.1429
   282        0.14285714     0.493871E-006     0.446438E-006       48.2857
   283        0.14285714     0.475509E-006     0.451811E-006       48.4286
   284        0.14285714     0.444401E-006     0.467598E-006       48.5714
   285        0.14285714     0.405551E-006     0.485528E-006       48.7143
   286        0.14285714     0.373660E-006     0.502923E-006       48.8571
   287        0.14285714     0.354681E-006     0.519738E-006       49.0000
   288        0.14285714     0.342827E-006     0.530428E-006       49.1429
   289        0.14285714     0.330686E-006     0.525976E-006       49.2857
   290        0.14285714     0.314894E-006     0.505847E-006       49.4286
   291        0.14285714     0.296790E-006     0.479647E-006       49.5714
   292        0.14285714     0.280235E-006     0.457216E-006       49.7143
   293        0.14285714     0.267017E-006     0.441147E-006       49.8571
   294        0.16666667     0.476326E-006     0.783500E-006       50.0000
   295        0.16666667     0.446977E-006     0.733698E-006       50.1667
   296        0.16666667     0.415602E-006     0.661786E-006       50.3333
   297        0.16666667     0.394902E-006     0.594047E-006       50.5000
   298        0.16666667     0.400171E-006     0.568640E-006       50.6667
   299        0.16666667     0.442505E-006     0.609474E-006       50.8333
   300        0.16666667     0.530078E-006     0.720338E-006       51.0000
   301        0.16666667     0.668252E-006     0.892640E-006       51.1667
   302        0.16666667     0.863599E-006     0.111827E-005       51.3333
   303        0.12500000     0.329591E-006     0.431035E-006       51.5000
   304        0.12500000     0.395199E-006     0.486889E-006       51.6250
   305        0.12500000     0.453930E-006     0.525215E-006       51.7500
   306        0.12500000     0.489691E-006     0.543722E-006       51.8750
   307        0.12500000     0.505496E-006     0.552127E-006       52.0000
   308        0.12500000     0.525700E-006     0.561406E-006       52.1250
   309        0.12500000     0.574844E-006     0.575107E-006       52.2500
   310        0.12500000     0.661135E-006     0.591554E-006       52.3750
   311        0.12500000     0.760881E-006     0.608053E-006       52.5000
   312        0.12500000     0.809020E-006     0.624594E-006       52.6250
   313        0.12500000     0.754913E-006     0.638734E-006       52.7500
   314        0.12500000     0.635622E-006     0.635337E-006       52.8750
   315        0.12500000     0.522289E-006     0.606785E-006       53.0000
   316        0.12500000     0.441977E-006     0.570117E-006       53.1250
   317        0.12500000     0.384903E-006     0.548873E-006       53.2500
   318        0.12500000     0.336006E-006     0.557121E-006       53.3750
   319        0.12500000     0.293226E-006     0.590414E-006       53.5000
   320        0.12500000     0.266765E-006     0.621962E-006       53.6250
   321        0.12500000     0.262615E-006     0.629063E-006       53.7500
   322        0.12500000     0.277448E-006     0.618994E-006       53.8750
   323        0.12500000     0.305730E-006     0.610531E-006       54.0000
   324        0.12500000     0.341121E-006     0.611366E-006       54.1250
   325        0.12500000     0.375198E-006     0.618115E-006       54.2500
   326        0.12500000     0.400536E-006     0.624298E-006       54.3750
   327        0.12500000     0.415880E-006     0.625383E-006       54.5000
   328        0.12500000     0.426646E-006     0.620395E-006       54.6250
   329        0.12500000     0.439438E-006     0.611411E-006       54.7500
   330        0.12500000     0.456401E-006     0.602022E-006       54.8750
   331        0.12500000     0.474579E-006     0.596093E-006       55.0000
   332        0.12500000     0.489433E-006     0.596386E-006       55.1250
   333        0.12500000     0.497768E-006     0.602784E-006       55.2500
   334        0.12500000     0.497791E-006     0.612098E-006       55.3750
   335        0.12500000     0.488998E-006     0.619997E-006       55.5000
   336        0.12500000     0.474010E-006     0.622814E-006       55.6250
   337        0.12500000     0.458384E-006     0.619312E-006       55.7500
   338        0.12500000     0.446290E-006     0.613172E-006       55.8750
   339        0.12500000     0.438909E-006     0.611592E-006       56.0000
   340        0.12500000     0.439263E-006     0.619591E-006       56.1250
   341        0.12500000     0.457129E-006     0.637288E-006       56.2500
   342        0.12500000     0.506104E-006     0.661739E-006       56.3750
   343        0.12500000     0.588732E-006     0.689478E-006       56.5000
   344        0.12500000     0.678200E-006     0.718480E-006       56.6250
   345        0.12500000     0.731560E-006     0.747426E-006       56.7500
   346        0.12500000     0.737227E-006     0.771586E-006       56.8750
   347        0.12500000     0.724117E-006     0.785751E-006       57.0000
   348        0.12500000     0.726439E-006     0.790939E-006       57.1250
   349        0.12500000     0.758806E-006     0.791855E-006       57.2500
   350        0.12500000     0.809885E-006     0.791718E-006       57.3750
   351        0.12500000     0.852380E-006     0.787586E-006       57.5000
   352        0.12500000     0.868131E-006     0.769448E-006       57.6250
   353        0.12500000     0.866450E-006     0.733513E-006       57.7500
   354        0.12500000     0.874833E-006     0.692670E-006       57.8750
   355        0.12500000     0.910439E-006     0.666165E-006       58.0000
   356        0.12500000     0.954434E-006     0.668266E-006       58.1250
   357        0.12500000     0.955515E-006     0.703351E-006       58.2500
   358        0.12500000     0.871980E-006     0.747867E-006       58.3750
   359        0.12500000     0.709144E-006     0.736265E-006       58.5000
   360        0.12500000     0.528491E-006     0.624578E-006       58.6250
   361        0.12500000     0.393333E-006     0.466995E-006       58.7500
   362        0.12500000     0.311922E-006     0.339856E-006       58.8750
   363        0.14285714     0.448288E-006     0.446171E-006       59.0000
   364        0.14285714     0.397021E-006     0.375945E-006       59.1429
   365        0.14285714     0.371713E-006     0.339151E-006       59.2857
   366        0.14285714     0.359462E-006     0.309580E-006       59.4286
   367        0.14285714     0.346782E-006     0.288834E-006       59.5714
   368        0.14285714     0.329793E-006     0.287462E-006       59.7143
   369        0.14285714     0.313503E-006     0.300678E-006       59.8571
   370        0.16666667     0.551532E-006     0.566305E-006       60.0000
   371        0.16666667     0.501121E-006     0.539165E-006       60.1667
   372        0.16666667     0.435120E-006     0.489134E-006       60.3333
   373        0.16666667     0.387512E-006     0.438205E-006       60.5000
   374        0.16666667     0.380306E-006     0.385959E-006       60.6667
   375        0.16666667     0.397424E-006     0.338040E-006       60.8333
   376        0.20000000     0.843848E-006     0.643609E-006       61.0000
   377        0.20000000     0.783036E-006     0.682249E-006       61.2000
   378        0.20000000     0.713209E-006     0.820150E-006       61.4000
   379        0.20000000     0.707280E-006     0.101351E-005       61.6000
   380        0.20000000     0.775604E-006     0.116548E-005       61.8000
   381        0.16666667     0.411612E-006     0.593747E-006       62.0000
   382        0.16666667     0.451863E-006     0.606837E-006       62.1667
   383        0.16666667     0.495327E-006     0.625616E-006       62.3333
   384        0.16666667     0.556856E-006     0.640114E-006       62.5000
   385        0.16666667     0.624765E-006     0.625061E-006       62.6667
   386        0.16666667     0.636134E-006     0.566450E-006       62.8333
   387        0.16666667     0.566552E-006     0.484227E-006       63.0000
   388        0.16666667     0.481383E-006     0.418488E-006       63.1667
   389        0.16666667     0.427116E-006     0.383389E-006       63.3333
   390        0.16666667     0.394976E-006     0.359405E-006       63.5000
   391        0.16666667     0.365964E-006     0.324733E-006       63.6667
   392        0.16666667     0.345666E-006     0.289122E-006       63.8333
   393        0.20000000     0.702498E-006     0.555525E-006       64.0000
   394        0.20000000     0.667705E-006     0.559635E-006       64.2000
   395        0.20000000     0.630443E-006     0.579483E-006       64.4000
   396        0.20000000     0.610707E-006     0.595911E-006       64.6000
   397        0.20000000     0.594050E-006     0.623757E-006       64.8000
   398        0.20000000     0.588208E-006     0.677343E-006       65.0000
   399        0.20000000     0.599358E-006     0.752974E-006       65.2000
   400        0.20000000     0.603949E-006     0.801610E-006       65.4000
   401        0.20000000     0.600084E-006     0.852247E-006       65.6000
   402        0.20000000     0.634822E-006     0.960810E-006       65.8000
   403        0.20000000     0.794389E-006     0.109497E-005       66.0000
   404        0.16000000     0.414132E-006     0.502738E-006       66.2000
   405        0.16000000     0.497261E-006     0.561101E-006       66.3600
   406        0.16000000     0.541873E-006     0.645878E-006       66.5200
   407        0.16000000     0.561953E-006     0.753867E-006       66.6800
   408        0.16000000     0.589068E-006     0.874671E-006       66.8400
   409        0.14285714     0.395051E-006     0.635190E-006       67.0000
   410        0.14285714     0.414683E-006     0.702725E-006       67.1429
   411        0.14285714     0.421258E-006     0.753129E-006       67.2857
   412        0.14285714     0.416178E-006     0.783474E-006       67.4286
   413        0.14285714     0.407710E-006     0.808766E-006       67.5714
   414        0.14285714     0.406645E-006     0.841303E-006       67.7143
   415        0.14285714     0.415085E-006     0.851760E-006       67.8571
   416        0.14285714     0.414789E-006     0.806263E-006       68.0000
   417        0.14285714     0.394035E-006     0.718273E-006       68.1429
   418        0.14285714     0.363935E-006     0.633237E-006       68.2857
   419        0.14285714     0.344333E-006     0.591808E-006       68.4286
   420        0.14285714     0.344421E-006     0.598405E-006       68.5714
   421        0.14285714     0.355634E-006     0.625504E-006       68.7143
   422        0.14285714     0.361880E-006     0.648222E-006       68.8571
   423        0.14285714     0.353818E-006     0.663201E-006       69.0000
   424        0.14285714     0.337452E-006     0.682605E-006       69.1429
   425        0.14285714     0.330548E-006     0.713835E-006       69.2857
   426        0.14285714     0.340933E-006     0.745268E-006       69.4286
   427        0.14285714     0.358718E-006     0.755319E-006       69.5714
   428        0.14285714     0.374385E-006     0.734862E-006       69.7143
   429        0.14285714     0.382239E-006     0.698088E-006       69.8571
   430        0.14285714     0.378727E-006     0.668003E-006       70.0000
   431        0.14285714     0.368561E-006     0.655449E-006       70.1429
   432        0.14285714     0.361893E-006     0.653601E-006       70.2857
   433        0.14285714     0.368542E-006     0.647624E-006       70.4286
   434        0.14285714     0.395170E-006     0.625023E-006       70.5714
   435        0.14285714     0.434700E-006     0.583220E-006       70.7143
   436        0.14285714     0.462109E-006     0.532981E-006       70.8571
   437        0.14285714     0.453766E-006     0.489709E-006       71.0000
   438        0.14285714     0.411718E-006     0.459494E-006       71.1429
   439        0.14285714     0.360813E-006     0.437066E-006       71.2857
   440        0.14285714     0.325115E-006     0.416478E-006       71.4286
   441        0.14285714     0.317810E-006     0.397078E-006       71.5714
   442        0.14285714     0.343378E-006     0.381787E-006       71.7143
   443        0.14285714     0.393478E-006     0.377732E-006       71.8571
   444        0.16666667     0.860181E-006     0.743912E-006       72.0000
   445        0.16666667     0.101094E-005     0.900099E-006       72.1667
   446        0.13333333     0.488278E-006     0.471074E-006       72.3333
   447        0.13333333     0.602356E-006     0.563239E-006       72.4667
   448        0.13333333     0.728514E-006     0.632249E-006       72.6000
   449        0.13333333     0.813782E-006     0.666650E-006       72.7333
   450        0.13333333     0.827058E-006     0.676800E-006       72.8667
   451        0.12500000     0.611147E-006     0.524327E-006       73.0000
   452        0.12500000     0.587525E-006     0.529066E-006       73.1250
   453        0.12500000     0.583641E-006     0.545316E-006       73.2500
   454        0.12500000     0.605862E-006     0.577135E-006       73.3750
   455        0.12500000     0.652355E-006     0.615144E-006       73.5000
   456        0.12500000     0.708199E-006     0.630877E-006       73.6250
   457        0.12500000     0.734594E-006     0.591561E-006       73.7500
   458        0.12500000     0.691266E-006     0.496860E-006       73.8750
   459        0.12500000     0.590079E-006     0.388953E-006       74.0000
   460        0.12500000     0.486623E-006     0.311779E-006       74.1250
   461        0.12500000     0.417702E-006     0.281609E-006       74.2500
   462        0.12500000     0.382438E-006     0.293691E-006       74.3750
   463        0.12500000     0.365363E-006     0.332360E-006       74.5000
   464        0.12500000     0.356876E-006     0.376163E-006       74.6250
   465        0.12500000     0.356282E-006     0.406618E-006       74.7500
   466        0.12500000     0.362782E-006     0.417690E-006       74.8750
   467        0.14285714     0.632806E-006     0.708009E-006       75.0000
   468        0.14285714     0.609524E-006     0.702542E-006       75.1429
   469        0.14285714     0.540415E-006     0.703060E-006       75.2857
   470        0.14285714     0.447701E-006     0.694702E-006       75.4286
   471        0.14285714     0.376476E-006     0.655909E-006       75.5714
   472        0.14285714     0.353029E-006     0.581615E-006       75.7143
   473        0.14285714     0.361580E-006     0.502129E-006       75.8571
   474        0.14285714     0.379440E-006     0.470675E-006       76.0000
   475        0.14285714     0.413461E-006     0.502077E-006       76.1429
   476        0.14285714     0.478767E-006     0.546528E-006       76.2857
   477        0.14285714     0.562958E-006     0.553575E-006       76.4286
   478        0.14285714     0.623213E-006     0.527813E-006       76.5714
   479        0.14285714     0.631144E-006     0.505607E-006       76.7143
   480        0.14285714     0.601274E-006     0.496549E-006       76.8571
   481        0.14285714     0.554916E-006     0.483445E-006       77.0000
   482        0.14285714     0.499399E-006     0.462237E-006       77.1429
   483        0.14285714     0.443001E-006     0.448206E-006       77.2857
   484        0.14285714     0.405426E-006     0.456235E-006       77.4286
   485        0.14285714     0.410641E-006     0.487261E-006       77.5714
   486        0.14285714     0.467290E-006     0.530990E-006       77.7143
   487        0.14285714     0.554613E-006     0.579093E-006       77.8571
   488        0.14285714     0.633626E-006     0.632975E-006       78.0000
   489        0.14285714     0.674135E-006     0.691974E-006       78.1429
   490        0.14285714     0.668700E-006     0.742236E-006       78.2857
   491        0.14285714     0.626926E-006     0.770659E-006       78.4286
   492        0.14285714     0.575449E-006     0.785805E-006       78.5714
   493        0.14285714     0.557412E-006     0.809081E-006       78.7143
   494        0.14285714     0.600153E-006     0.838519E-006       78.8571
   495        0.14285714     0.682199E-006     0.850492E-006       79.0000
   496        0.14285714     0.770576E-006     0.842167E-006       79.1429
   497        0.14285714     0.868940E-006     0.827615E-006       79.2857
   498        0.14285714     0.994124E-006     0.812473E-006       79.4286
   499        0.10714286     0.347983E-006     0.250945E-006       79.5714
   500        0.10714286     0.381682E-006     0.247194E-006       79.6786
   501        0.10714286     0.409792E-006     0.243142E-006       79.7857
   502        0.10714286     0.428701E-006     0.239502E-006       79.8929
   503        0.12500000     0.816602E-006     0.439434E-006       80.0000
   504        0.12500000     0.815193E-006     0.439975E-006       80.1250
   505        0.12500000     0.799968E-006     0.447948E-006       80.2500
   506        0.12500000     0.776400E-006     0.460501E-006       80.3750
   507        0.12500000     0.747094E-006     0.472561E-006       80.5000
   508        0.12500000     0.712453E-006     0.479503E-006       80.6250
   509        0.12500000     0.669945E-006     0.478316E-006       80.7500
   510        0.12500000     0.616247E-006     0.469134E-006       80.8750
   511        0.12500000     0.555224E-006     0.457410E-006       81.0000
   512        0.12500000     0.499746E-006     0.449356E-006       81.1250
   513        0.12500000     0.460555E-006     0.445195E-006       81.2500
   514        0.12500000     0.437438E-006     0.442739E-006       81.3750
   515        0.12500000     0.423350E-006     0.443076E-006       81.5000
   516        0.12500000     0.411989E-006     0.448954E-006       81.6250
   517        0.12500000     0.400431E-006     0.461739E-006       81.7500
   518        0.12500000     0.388763E-006     0.480887E-006       81.8750
   519        0.14285714     0.646680E-006     0.856995E-006       82.0000
   520        0.14285714     0.624435E-006     0.901152E-006       82.1429
   521        0.14285714     0.593342E-006     0.938450E-006       82.2857
   522        0.14285714     0.555268E-006     0.974822E-006       82.4286
   523        0.14285714     0.517117E-006     0.102600E-005       82.5714
   524        0.09523810     0.962228E-007     0.218277E-006       82.7143
   525        0.09523810     0.940867E-007     0.230507E-006       82.8095
   526        0.09523810     0.948337E-007     0.244486E-006       82.9048
   527        0.12500000     0.300672E-006     0.772607E-006       83.0000
   528        0.12500000     0.337806E-006     0.838532E-006       83.1250
   529        0.12500000     0.396846E-006     0.902870E-006       83.2500
   530        0.12500000     0.484393E-006     0.957655E-006       83.3750
   531        0.12500000     0.607234E-006     0.994485E-006       83.5000
   532        0.09375000     0.228505E-006     0.317378E-006       83.6250
   533        0.09375000     0.264437E-006     0.314409E-006       83.7187
   534        0.09375000     0.292793E-006     0.308984E-006       83.8125
   535        0.09375000     0.306444E-006     0.302574E-006       83.9062
   536        0.11111111     0.604719E-006     0.579622E-006       84.0000
   537        0.11111111     0.575125E-006     0.548874E-006       84.1111
   538        0.11111111     0.545991E-006     0.504762E-006       84.2222
   539        0.11111111     0.530041E-006     0.452377E-006       84.3333
   540        0.11111111     0.527837E-006     0.401852E-006       84.4444
   541        0.11111111     0.528290E-006     0.363264E-006       84.5556
   542        0.11111111     0.511520E-006     0.340614E-006       84.6667
   543        0.11111111     0.472210E-006     0.327529E-006       84.7778
   544        0.11111111     0.425178E-006     0.315092E-006       84.8889
   545        0.12500000     0.617856E-006     0.475656E-006       85.0000
   546        0.12500000     0.577925E-006     0.442304E-006       85.1250
   547        0.12500000     0.560005E-006     0.406393E-006       85.2500
   548        0.12500000     0.538531E-006     0.369849E-006       85.3750
   549        0.12500000     0.488613E-006     0.333599E-006       85.5000
   550        0.12500000     0.415139E-006     0.299243E-006       85.6250
   551        0.12500000     0.345161E-006     0.270403E-006       85.7500
   552        0.12500000     0.293659E-006     0.250000E-006       85.8750
   553        0.14285714     0.442236E-006     0.399320E-006       86.0000
   554        0.14285714     0.406990E-006     0.380278E-006       86.1429
   555        0.14285714     0.383830E-006     0.373426E-006       86.2857
   556        0.14285714     0.366765E-006     0.378401E-006       86.4286
   557        0.14285714     0.358923E-006     0.383279E-006       86.5714
   558        0.14285714     0.358938E-006     0.379133E-006       86.7143
   559        0.14285714     0.357263E-006     0.368230E-006       86.8571
   560        0.16666667     0.640304E-006     0.667919E-006       87.0000
   561        0.16666667     0.590701E-006     0.691283E-006       87.1667
   562        0.16666667     0.554924E-006     0.752303E-006       87.3333
   563        0.16666667     0.562169E-006     0.821620E-006       87.5000
   564        0.16666667     0.603397E-006     0.877346E-006       87.6667
   565        0.16666667     0.638821E-006     0.922293E-006       87.8333
   566        0.16666667     0.630231E-006     0.981232E-006       88.0000
   567        0.13888889     0.282526E-006     0.512838E-006       88.1667
   568        0.13888889     0.276379E-006     0.548645E-006       88.3056
   569        0.13888889     0.295352E-006     0.580256E-006       88.4444
   570        0.13888889     0.342011E-006     0.605160E-006       88.5833
   571        0.13888889     0.398931E-006     0.621531E-006       88.7222
   572        0.13888889     0.431043E-006     0.626895E-006       88.8611
   573        0.14285714     0.480469E-006     0.693095E-006       89.0000
   574        0.14285714     0.471070E-006     0.675623E-006       89.1429
   575        0.14285714     0.484601E-006     0.657810E-006       89.2857
   576        0.14285714     0.511308E-006     0.633120E-006       89.4286
   577        0.14285714     0.523609E-006     0.592951E-006       89.5714
   578        0.14285714     0.522220E-006     0.544263E-006       89.7143
   579        0.14285714     0.525329E-006     0.496269E-006       89.8571
   580        0.14285714     0.531794E-006     0.453457E-006       90.0000
   581        0.14285714     0.522058E-006     0.420160E-006       90.1429
   582        0.14285714     0.487423E-006     0.399960E-006       90.2857
   583        0.14285714     0.446537E-006     0.390498E-006       90.4286
   584        0.14285714     0.416537E-006     0.386241E-006       90.5714
   585        0.14285714     0.386597E-006     0.384337E-006       90.7143
   586        0.14285714     0.342763E-006     0.381131E-006       90.8571
   587        0.16666667     0.552388E-006     0.683109E-006       91.0000
   588        0.16666667     0.527917E-006     0.649343E-006       91.1667
   589        0.16666667     0.586985E-006     0.626667E-006       91.3333
   590        0.16666667     0.723966E-006     0.638446E-006       91.5000
   591        0.16666667     0.907587E-006     0.682644E-006       91.6667
   592        0.16666667     0.938958E-006     0.735296E-006       91.8333
   593        0.16666667     0.831107E-006     0.774484E-006       92.0000
   594        0.16666667     0.804247E-006     0.761363E-006       92.1667
   595        0.16666667     0.870795E-006     0.743945E-006       92.3333
   596        0.16666667     0.968629E-006     0.779088E-006       92.5000
   597        0.16666667     0.106318E-005     0.866372E-006       92.6667
   598        0.08333333     0.693646E-007     0.596004E-007       92.8333
   599        0.08333333     0.718405E-007     0.614500E-007       92.9167
   600        0.12500000     0.379504E-006     0.314241E-006       93.0000
   601        0.14583333     0.711517E-006     0.566685E-006       93.1250
   602        0.14583333     0.681859E-006     0.528913E-006       93.2708
   603        0.14583333     0.636675E-006     0.494407E-006       93.4167
   604        0.14583333     0.593583E-006     0.479815E-006       93.5625
   605        0.14583333     0.557879E-006     0.482511E-006       93.7083
   606        0.14583333     0.527391E-006     0.492764E-006       93.8542
   607        0.16666667     0.858079E-006     0.859255E-006       94.0000
   608        0.16666667     0.829088E-006     0.874011E-006       94.1667
   609        0.16666667     0.808041E-006     0.864570E-006       94.3333
   610        0.16666667     0.759826E-006     0.833965E-006       94.5000
   611        0.16666667     0.674109E-006     0.813294E-006       94.6667
   612        0.16666667     0.580232E-006     0.815201E-006       94.8333
   613        0.16666667     0.514956E-006     0.816892E-006       95.0000
   614        0.16666667     0.497443E-006     0.828789E-006       95.1667
   615        0.16666667     0.517904E-006     0.890392E-006       95.3333
   616        0.16666667     0.556882E-006     0.980874E-006       95.5000
   617        0.16666667     0.575263E-006     0.100271E-005       95.6667
   618        0.16666667     0.538220E-006     0.923715E-006       95.8333
   619        0.16666667     0.492542E-006     0.811187E-006       96.0000
   620        0.16666667     0.492848E-006     0.748297E-006       96.1667
   621        0.16666667     0.538853E-006     0.753892E-006       96.3333
   622        0.16666667     0.589117E-006     0.759120E-006       96.5000
   623        0.16666667     0.610072E-006     0.730076E-006       96.6667
   624        0.16666667     0.602282E-006     0.698721E-006       96.8333
   625        0.16666667     0.595569E-006     0.683841E-006       97.0000
   626        0.16666667     0.623845E-006     0.687272E-006       97.1667
   627        0.16666667     0.696959E-006     0.721056E-006       97.3333
   628        0.16666667     0.814146E-006     0.775588E-006       97.5000
   629        0.16666667     0.945015E-006     0.819978E-006       97.6667
   630        0.16666667     0.102503E-005     0.845723E-006       97.8333
   631        0.14285714     0.557923E-006     0.456812E-006       98.0000
   632        0.14285714     0.539060E-006     0.450477E-006       98.1429
   633        0.14285714     0.508648E-006     0.446908E-006       98.2857
   634        0.14285714     0.484762E-006     0.458620E-006       98.4286
   635        0.14285714     0.501197E-006     0.498885E-006       98.5714
   636        0.14285714     0.584421E-006     0.557227E-006       98.7143
   637        0.14285714     0.683570E-006     0.605552E-006       98.8571
   638        0.14285714     0.713476E-006     0.641531E-006       99.0000
   639        0.14285714     0.658021E-006     0.676278E-006       99.1429
   640        0.14285714     0.568201E-006     0.714902E-006       99.2857
   641        0.14285714     0.509130E-006     0.759799E-006       99.4286
   642        0.14285714     0.522649E-006     0.810206E-006       99.5714
   643        0.14285714     0.612499E-006     0.861792E-006       99.7143
   644        0.14285714     0.751966E-006     0.913171E-006       99.8571
