#  Number       Eigenvalue [eV]         Intensity             Eigenerror [eV]    Eigenvalue [cm-1]    Excitation [cm-1]
        1       8.8340174020011180      6.642264367E-003      8.996744238E-012           71251.162               0.000
        2       8.9177384175184358      2.384285764E-002      6.274256484E-009           71926.417             675.256
        3       9.0013857484393824      2.961005545E-002      1.056568066E-005           72601.079            1349.917
        4       9.0578971292799757      3.378720164E-003      2.001855243E-002           73056.874            1805.712
        5       9.0919210512656790      1.681341205E-002      2.193828908E-002           73331.295            2080.133
        6       9.1444850175908901      1.818299636E-002      2.219612619E-002           73755.252            2504.090
        7       9.2235743494813605      4.002212976E-002      1.268366108E-002           74393.151            3141.989
        8       9.3163178663481290      5.770604764E-002      3.101692390E-002           75141.178            3890.016
        9       9.4023213750061299      8.073588079E-002      7.986534570E-002           75834.843            4583.681
       10       9.4887853237947244      6.093014331E-002      1.371887611E-001           76532.222            5281.060
       11       9.5992500778234575      9.209217647E-002      1.828664113E-001           77423.180            6172.018
       12       9.6841551977939115      2.691007392E-001      1.410880838E-001           78107.986            6856.824
       13       9.7851943264557040      8.860026681E-002      2.248523442E-001           78922.922            7671.760
       14       9.9059462210521989      9.664306705E-002      1.991084272E-001           79896.851            8645.690
       15      10.0138973373500182      4.477942050E-002      2.485900249E-001           80767.536            9516.374
       16      10.1488938592981182      4.820706566E-002      1.782846065E-001           81856.357           10605.195
       17      10.2661824457985755      7.662779580E-003      3.054079348E-001           82802.353           11551.191
       18      10.4276580140365169      1.221077216E-002      1.166020085E-001           84104.741           12853.580
       19      10.5834616901002736      7.744914639E-004      4.013978664E-001           85361.383           14110.221
       20      10.7123365008547289      1.736978434E-003      1.618402134E-001           86400.828           15149.667
       21      10.9318208233691259      2.170023845E-004      2.816225703E-001           88171.089           16919.927
       22      11.0413654190727772      7.982111306E-005      3.507512776E-001           89054.626           17803.464
       23      11.2313586032675570      2.584218385E-005      2.214097699E-001           90587.024           19335.862
       24      11.4266846548367891      3.698306614E-006      3.296513557E-001           92162.435           20911.273
       25      11.5641926889261129      1.137683577E-006      3.132903676E-001           93271.512           22020.351
       26      11.7934150348627718      2.049474318E-007      2.399615554E-001           95120.315           23869.154
       27      11.9359571054559961      2.122594419E-008      3.404416957E-001           96269.995           25018.833
       28      12.1758613779046101      7.115232894E-009      5.328921574E-002           98204.954           26953.792
       29      12.4478763033209923      3.999206155E-011      6.298191614E-001          100398.902           29147.740
       30      12.5681885971735969      1.445088695E-010      1.790140761E-001          101369.286           30118.124
