#    time[fs]         Re(autocorrel)     Im(autocorrel)     Abs(autocorrel)
     0.00000000       1.00000000000000   0.00000000000000   1.00000000000000
     2.00000000       0.20200295969904  -0.92181113259544   0.94368477782788
     4.00000000      -0.72596544947588  -0.34026755494393   0.80175298114833
     6.00000000      -0.38409510381794   0.47401634964973   0.61009880225433
     8.00000000       0.24300720418357   0.33946267741462   0.41747743728568
     10.0000000       0.24462053534419  -0.08026959228525   0.25745371187403
     12.0000000       0.00444613366332  -0.14349134007857   0.14356020612306
     14.0000000      -0.06602465540189  -0.03035973175574   0.07267027200458
     16.0000000      -0.02608507112745   0.02109670296722   0.03354849939731
     18.0000000       0.00216759720236   0.01403261635861   0.01419904220360
     20.0000000       0.00499605619470   0.00239798354239   0.00554174183540
     22.0000000       0.00181418468458  -0.00085897156988   0.00200726137501
     24.0000000       0.00021696766541  -0.00064381925677   0.00067939546894
     26.0000000      -0.00008171619894  -0.00020044962795   0.00021646614173
     28.0000000      -0.00005516997987  -0.00003517447003   0.00006542912211
     30.0000000      -0.00001888904971  -0.00000097219420   0.00001891405193
     32.0000000      -0.00000493239103   0.00000186506305   0.00000527322875
     34.0000000      -0.00000112221123   0.00000088662443   0.00000143019612
     36.0000000      -0.00000024599958   0.00000029052368   0.00000038068334
     38.0000000      -0.00000005762316   0.00000008213740   0.00000010033434
     40.0000000      -0.00000001556496   0.00000002134870   0.00000002642035
     42.0000000      -0.00000000481552   0.00000000509842   0.00000000701307
     44.0000000      -0.00000000158416   0.00000000103663   0.00000000189319
     46.0000000      -0.00000000050939   0.00000000012422   0.00000000052432
     48.0000000      -0.00000000014711  -0.00000000003052   0.00000000015024
     50.0000000      -0.00000000003293  -0.00000000003055   0.00000000004492
     52.0000000      -0.00000000000256  -0.00000000001388   0.00000000001412
     54.0000000       0.00000000000248  -0.00000000000399   0.00000000000469
     56.0000000       0.00000000000168  -0.00000000000037   0.00000000000172
     58.0000000       0.00000000000047   0.00000000000040   0.00000000000062
     60.0000000      -0.00000000000006   0.00000000000027   0.00000000000028
     62.0000000      -0.00000000000011   0.00000000000009   0.00000000000014
     64.0000000      -0.00000000000005  -0.00000000000004   0.00000000000007
     66.0000000       0.00000000000003   0.00000000000000   0.00000000000003
     68.0000000       0.00000000000000   0.00000000000001   0.00000000000001
     70.0000000       0.00000000000002  -0.00000000000000   0.00000000000002
     72.0000000       0.00000000000004  -0.00000000000000   0.00000000000004
     74.0000000       0.00000000000000  -0.00000000000008   0.00000000000008
     76.0000000      -0.00000000000004  -0.00000000000002   0.00000000000004
     78.0000000      -0.00000000000002   0.00000000000006   0.00000000000006
     80.0000000      -0.00000000000001   0.00000000000007   0.00000000000007
     82.0000000      -0.00000000000003  -0.00000000000003   0.00000000000005
     84.0000000       0.00000000000005  -0.00000000000009   0.00000000000011
     86.0000000       0.00000000000007   0.00000000000001   0.00000000000007
     88.0000000      -0.00000000000001   0.00000000000006   0.00000000000006
     90.0000000      -0.00000000000008   0.00000000000005   0.00000000000009
     92.0000000      -0.00000000000010   0.00000000000012   0.00000000000016
     94.0000000      -0.00000000000046   0.00000000000007   0.00000000000046
     96.0000000      -0.00000000000093  -0.00000000000111   0.00000000000145
     98.0000000      -0.00000000000021  -0.00000000000509   0.00000000000509
     100.000000      -0.00000000000153  -0.00000000001380   0.00000000001388
     102.000000      -0.00000000002456   0.00000000003117   0.00000000003968
     104.000000       0.00000000049720   0.00000000036848   0.00000000061886
     106.000000       0.00000000146612  -0.00000000479054   0.00000000500987
     108.000000      -0.00000003948547   0.00000002139055   0.00000004490721
     110.000000       0.00000034770328  -0.00000000416576   0.00000034772823
     112.000000      -0.00000240268300  -0.00000007614772   0.00000240388937
     114.000000       0.00001323657103  -0.00000330003648   0.00001364173938
     116.000000      -0.00003826241065   0.00004504977839   0.00005910579161
     118.000000      -0.00003085531936  -0.00019714947752   0.00019954941047
     120.000000       0.00053080421924   0.00015361208107   0.00055258464566
     122.000000      -0.00035731112949   0.00105434640003   0.00111324641231
     124.000000      -0.00129288569661  -0.00018726614869   0.00130637744735
     126.000000      -0.00013882877829  -0.00094167803958   0.00095185658579
     128.000000       0.00027612071256  -0.00034706181815   0.00044350259697
     130.000000      -0.00056903098022  -0.00050560572032   0.00076120522914
     132.000000      -0.00222486152871   0.00063639204059   0.00231408808200
     134.000000      -0.00132749774626   0.00533471338396   0.00549740094548
     136.000000       0.00914039097082   0.00843313401616   0.01243641815130
     138.000000       0.02441856443656  -0.01040133674833   0.02654155412357
     140.000000      -0.00274468620279  -0.05152828890588   0.05160133583465
     142.000000      -0.08805444509186  -0.02188130103641   0.09073244532956
     144.000000      -0.06897438481170   0.12689499598443   0.14442924138152
     146.000000       0.15648466747276   0.13620747230271   0.20746066293434
     148.000000       0.21045665187503  -0.16456210774888   0.26715667617562
     150.000000      -0.14339738131934  -0.26973466841120   0.30548256957172
     152.000000      -0.28999204817998   0.09369914382940   0.30475386390000
     154.000000       0.02506450133655   0.25380444010980   0.25503906180564
     156.000000       0.15673067168281   0.04689330508420   0.16359549354388
     158.000000       0.10461654080336  -0.00876773920728   0.10498330276986
     160.000000       0.16844948147602  -0.13171076551555   0.21382926264249
     162.000000      -0.11495729990209  -0.34602582012005   0.36462178896842
     164.000000      -0.49182605896733   0.04717332197406   0.49408318589626
     166.000000      -0.06769964381750   0.57475265100198   0.57872605920835
     168.000000       0.57145745389402   0.20941987295660   0.60862164338791
     170.000000       0.34164639515444  -0.47587224430351   0.58581281329490
     172.000000      -0.30741750815800  -0.42200455829598   0.52210475150553
     174.000000      -0.42024489976306   0.11060220323663   0.43455566172547
     176.000000      -0.05859825459856   0.33515949107028   0.34024350088794
     178.000000       0.19857453398368   0.15568259489679   0.25232700192534
     180.000000       0.16758246176822  -0.06127131140627   0.17843221428246
     182.000000       0.03227209629516  -0.11673483373339   0.12111362271044
     184.000000      -0.04584845730308  -0.06485635835015   0.07942561460584
     186.000000      -0.05018103314665  -0.00685614463809   0.05064723888786
     188.000000      -0.02573422419762   0.01833705542152   0.03159901733576
     190.000000      -0.00499467436164   0.01875038187420   0.01940421584108
     192.000000       0.00425680066972   0.01099910090699   0.01179409058401
     194.000000       0.00575720782771   0.00421061588142   0.00713265224670
     196.000000       0.00428240582498   0.00050876677276   0.00431252168445
     198.000000       0.00246701270470  -0.00087592239099   0.00261789834030
     200.000000       0.00117153692390  -0.00109176257669   0.00160138823773
     202.000000       0.00043809109807  -0.00088775279710   0.00098996405943
     204.000000       0.00008594813282  -0.00061366406106   0.00061965366244
     206.000000      -0.00005527076060  -0.00038898556756   0.00039289264278
     208.000000      -0.00009488981985  -0.00023325506720   0.00025181740267
     210.000000      -0.00009142266211  -0.00013374549184   0.00016200604846
     212.000000      -0.00007230905227  -0.00007301237870   0.00010275897277
     214.000000      -0.00004860964934  -0.00003748116904   0.00006138188692
     216.000000      -0.00002359365106  -0.00001894884302   0.00003026084966
     218.000000       0.00000261425262  -0.00001427683303   0.00001451420953
     220.000000       0.00003005288209  -0.00002518716245   0.00003921184609
     222.000000       0.00005562170675  -0.00005842583697   0.00008066816403
     224.000000       0.00006746670543  -0.00012512148798   0.00014215183114
     226.000000       0.00003551313865  -0.00023551265574   0.00023817513311
     228.000000      -0.00010026711815  -0.00038125660674   0.00039422087105
     230.000000      -0.00043322026129  -0.00049007578802   0.00065410555172
     232.000000      -0.00103030445304  -0.00034603063061   0.00108685990968
     234.000000      -0.00176941842331   0.00045583821206   0.00182719184333
     236.000000      -0.00189512703952   0.00237724947201   0.00304020090588
     238.000000       0.00000094172527   0.00509476511261   0.00509476519964
     240.000000       0.00589980035090   0.00597113958931   0.00839417370416
     242.000000       0.01385338514374   0.00029024854016   0.01385642537439
     244.000000       0.01351852998594  -0.01710757269906   0.02180412109291
     246.000000      -0.00803690718005  -0.03419083613882   0.03512271562525
     248.000000      -0.04806254692659  -0.01612914313735   0.05069672253130
     250.000000      -0.05510571744454   0.05083223246473   0.07497036716214
     252.000000       0.02962336565607   0.09838236367705   0.10274547812666
     254.000000       0.13353570749594   0.01173673109450   0.13405049807153
     256.000000       0.06508216156285  -0.15100759877169   0.16443534486383
     258.000000      -0.14943732900717  -0.11595458438754   0.18914803975004
     260.000000      -0.15257999096062   0.13669715899869   0.20485791886050
     262.000000       0.12553132838359   0.17218982452073   0.21309023927489
     264.000000       0.18347141770233  -0.12596446468293   0.22255068518555
     266.000000      -0.13854084628449  -0.20242608424008   0.24529550682798
     268.000000      -0.24311283274985   0.15246648686417   0.28696668633198
     270.000000       0.15099813795120   0.30789455023219   0.34292782291236
     272.000000       0.38274923797549  -0.11947174569849   0.40096193982853
     274.000000      -0.05773442951463  -0.44237112621178   0.44612271591711
     276.000000      -0.46459982026925  -0.02482709625779   0.46526269751917
     278.000000      -0.10486454472448   0.43603189162007   0.44846447267319
     280.000000       0.37158053211881   0.16153403034987   0.40517321581117
     282.000000       0.18651350820781  -0.29296003697722   0.34729363946044
     284.000000      -0.22620349666572  -0.18184398474937   0.29023310750727
     286.000000      -0.16269428837163   0.18440251428230   0.24591404746860
     288.000000       0.16465765825386   0.14454392183919   0.21910063843426
     290.000000       0.13602002586731  -0.15310209447702   0.20479672548699
     292.000000      -0.13541386738310  -0.13467655430027   0.19098348032707
     294.000000      -0.13001566209273   0.10554019256872   0.16745985977796
     296.000000       0.06825580044446   0.11110407840054   0.13039543907494
     298.000000       0.07420143030212  -0.03500611749776   0.08204438141120
     300.000000      -0.01603115820030  -0.02604887480749   0.03058662962765
     302.000000       0.01871785979701   0.01330041103814   0.02296212553672
     304.000000       0.01816946913763  -0.04430330455196   0.04788436491139
     306.000000      -0.04103963528157  -0.01499385969770   0.04369287691007
     308.000000       0.01138702528816   0.00971960979345   0.01497114422648
     310.000000      -0.03865219291190  -0.06824127338934   0.07842744041913
     312.000000      -0.15102762093684   0.08681696442731   0.17420254762262
     314.000000       0.11673526639993   0.24411843055880   0.27059366319254
     316.000000       0.32498239613061  -0.11482443992446   0.34467116183220
     318.000000      -0.07625013124155  -0.36988211922744   0.37765972069911
     320.000000      -0.35993969893087   0.00777386923336   0.36002363798687
     322.000000      -0.07210175347577   0.28708663128942   0.29600235931389
     324.000000       0.15864898931148   0.13730823836079   0.20981671556693
     326.000000       0.16278263966429   0.00196839342781   0.16279454029162
     328.000000       0.16061052403877  -0.13440014331282   0.20942573613220
     330.000000      -0.05512245100774  -0.28280390389544   0.28812589724564
     332.000000      -0.34472700673260  -0.05632837453228   0.34929871878991
     334.000000      -0.17332729080512   0.33920487471471   0.38092295384771
     336.000000       0.27439871939592   0.27061323063855   0.38539094151622
     338.000000       0.32980573109745  -0.16786045491584   0.37006614623507
     340.000000      -0.04111303058563  -0.34015416354335   0.34262973639165
     342.000000      -0.29787823013544  -0.08236257489727   0.30905506585774
     344.000000      -0.17767379377987   0.20778542995593   0.27339122498373
     346.000000       0.08674457288461   0.22202786825168   0.23837154864899
     348.000000       0.20292536755793   0.03581394916826   0.20606150478328
     350.000000       0.12506403621975  -0.12696407240280   0.17821584900530
     352.000000      -0.02180325090878  -0.15476585202516   0.15629411602254
     354.000000      -0.12058846847478  -0.07323832695850   0.14108660909091
     356.000000      -0.12471845408193   0.04356365653326   0.13210785351044
     358.000000      -0.04005260933639   0.12076280575947   0.12723154785490
     360.000000       0.07500574413444   0.09745338378082   0.12297570354949
     362.000000       0.11509847756945  -0.01699735133201   0.11634676399070
     364.000000       0.02574246200030  -0.10121438648358   0.10443670993039
     366.000000      -0.07898958777202  -0.04215418677608   0.08953396248992
     368.000000      -0.03575200648761   0.06846195131481   0.07723499689727
     370.000000       0.07786745432694   0.02611596274321   0.08213028645611
     372.000000       0.02331107167174  -0.10478847419753   0.10735003673558
     374.000000      -0.13539890633564  -0.03921416638032   0.14096316781979
     376.000000      -0.06943661611449   0.15905212012362   0.17354832345272
     378.000000       0.16615448448839   0.11018598392278   0.19936966611958
     380.000000       0.15222847071789  -0.15241981738146   0.21541891288302
     382.000000      -0.11884864762466  -0.18581282262012   0.22057063742091
     384.000000      -0.20174879225785   0.07282677273135   0.21449082498784
     386.000000       0.02663045754258   0.19525711803091   0.19706476958265
     388.000000       0.16871258492620   0.00760810972132   0.16888404201112
     390.000000       0.02399483657370  -0.13079465599789   0.13297741996221
     392.000000      -0.09117863439164  -0.02509913531747   0.09457013251133
     394.000000      -0.01950579355151   0.05585004608394   0.05915829299136
     396.000000       0.02497722737160   0.01217629136748   0.02778711857387
     398.000000       0.00620868083421   0.00252777580176   0.00670353400864
     400.000000       0.02953725532446   0.00684782096861   0.03032065474426
     402.000000       0.02898538147032  -0.04671316490377   0.05497519544582
     404.000000      -0.05509207049713  -0.06051602362831   0.08183718804702
     406.000000      -0.09873776907873   0.04784402998028   0.10971872332195
     408.000000       0.02788017165433   0.13393651644620   0.13680750859955
     410.000000       0.16055258515781   0.00070074957428   0.16055411440017
     412.000000       0.03210333109364  -0.17430367459234   0.17723542209079
     414.000000      -0.17362701852057  -0.06144571963383   0.18417903795400
     416.000000      -0.08488913482933   0.15834037364087   0.17966034380687
     418.000000       0.12986558270673   0.09934901135620   0.16350931358554
     420.000000       0.10241197530970  -0.09246126235546   0.13797571425146
     422.000000      -0.05399017031803  -0.09307938805992   0.10760441892682
     424.000000      -0.07274433524162   0.02295008494167   0.07627873038125
     426.000000       0.00646506947816   0.04519185446013   0.04565195322112
     428.000000       0.01546295367835  -0.00158999141527   0.01554448484703
     430.000000      -0.00261019273960   0.01806400207618   0.01825161026173
     432.000000       0.05637047970478   0.00058670624631   0.05637353285334
     434.000000      -0.00773557818521  -0.10856017641874   0.10883543115148
     436.000000      -0.17680347484139   0.01378178868220   0.17733980493750
     438.000000       0.00295807840547   0.25583602311325   0.25585312378444
     440.000000       0.32919226895104   0.03933732209441   0.33153427401506
     442.000000       0.11648864638676  -0.37518772338895   0.39285548553992
     444.000000      -0.37571687627748  -0.21545255661404   0.43310850288494
     446.000000      -0.30974329207523   0.32615242123531   0.44979585243002
     448.000000       0.24004412456642   0.37068293441644   0.44161863593653
     450.000000       0.38175348740576  -0.14535936297950   0.40849121110773
     452.000000      -0.07254928279740  -0.34769739431880   0.35518569291358
     454.000000      -0.29194093116330   0.03978729162537   0.29463967123145
     456.000000       0.04382397152568   0.24267949399166   0.24660469842307
     458.000000       0.21571383136857  -0.06290861022518   0.22469968910564
     460.000000      -0.07093980085991  -0.20510642651466   0.21702788194989
     462.000000      -0.18822478767419   0.05404849627798   0.19583107681087
     464.000000       0.01861832553351   0.14226631633994   0.14347942992154
     466.000000       0.06137827464763   0.01455030757433   0.06307934724795
     468.000000       0.02573036723733   0.03703031611659   0.04509208478062
     470.000000       0.12082465470887  -0.01079290746845   0.12130574610108
     472.000000       0.01476659680614  -0.16087750371098   0.16155377922386
     474.000000      -0.14707543502868  -0.02446595411771   0.14909650062884
     476.000000       0.00375095915474   0.09366607326431   0.09374114878396
     478.000000       0.03190761917585  -0.07460327223273   0.08114027599966
     480.000000      -0.17169969042835   0.00499460839121   0.17177231967396
     482.000000      -0.00373786822348   0.26411799670581   0.26414444503481
     484.000000       0.31965153776012   0.05863959621476   0.32498570404964
     486.000000       0.14109184278719  -0.31628350773760   0.34632667435224
     488.000000      -0.24962184906257  -0.22404980382573   0.33542418237772
     490.000000      -0.27872311541153   0.13409150163992   0.30930099559614
     492.000000      -0.00880251231226   0.28609747362975   0.28623285737373
     494.000000       0.23941194072396   0.14677285135118   0.28082084547798
     496.000000       0.25561280472642  -0.14081844012105   0.29183512300309
     498.000000      -0.00835748086035  -0.30868340104079   0.30879651805751
     500.000000      -0.29366294469548  -0.13350951888624   0.32258753342381
     502.000000      -0.25183688295276   0.20914103974815   0.32735575468029
     504.000000       0.07329543545992   0.31696126711478   0.32532547657733
     506.000000       0.31214478034265   0.08070049492436   0.32240802374662
     508.000000       0.21444548484188  -0.24110301659534   0.32267248190765
     510.000000      -0.12638066951418  -0.29809371548566   0.32377760397980
     512.000000      -0.31966064372957  -0.00093096625342   0.31966199938023
     514.000000      -0.11345190167636   0.28580085579814   0.30749546853398
     516.000000       0.21355670457770   0.19438053813814   0.28877371708132
     518.000000       0.23904644195513  -0.12362507341239   0.26912145991657
     520.000000      -0.03380035152850  -0.24694363621711   0.24924610976217
     522.000000      -0.22678033340508  -0.03820750363526   0.22997637477219
     524.000000      -0.08394542179714   0.18543246423429   0.20354860017377
     526.000000       0.14214069863939   0.09322425268483   0.16998452723215
     528.000000       0.08033568845793  -0.11334250527290   0.13892568639941
     530.000000      -0.10629466268581  -0.05994291642574   0.12203158830857
     532.000000      -0.05523383043020   0.11798913245728   0.13027744011153
     534.000000       0.13083997335845   0.07652382733780   0.15157504668931
     536.000000       0.11751236700115  -0.12656301275267   0.17270597151009
     538.000000      -0.09663816343913  -0.15751783286871   0.18479935688347
     540.000000      -0.17442841483645   0.04791998178222   0.18089111795874
     542.000000      -0.00179445650289   0.15799250956469   0.15800269982722
     544.000000       0.11484899421147   0.03449078973061   0.11991624597037
     546.000000       0.04208395032989  -0.06416218866968   0.07673229652664
     548.000000      -0.02470607099049  -0.02782474719453   0.03721030099619
     550.000000      -0.00451714250933   0.00801386402045   0.00919927132918
     552.000000       0.01172491989121  -0.01630921447983   0.02008641887954
     554.000000      -0.02629499519420  -0.03021064184355   0.04005133771626
     556.000000      -0.05308253153842   0.02531036158697   0.05880790387516
     558.000000       0.01664084688086   0.07702322605122   0.07880034984852
     560.000000       0.09813449448691  -0.00490284657698   0.09825689244403
     562.000000       0.00720348120525  -0.11591493265731   0.11613854551536
     564.000000      -0.12844082651688  -0.02031976643399   0.13003822062867
     566.000000      -0.03809445558223   0.13489170484181   0.14016761245465
     568.000000       0.13413789345219   0.06520951359890   0.14914843319189
     570.000000       0.10440340103808  -0.12401124115682   0.16210755097025
     572.000000      -0.10095414278419  -0.15286229395021   0.18319011943064
     574.000000      -0.20076016272013   0.06215138299958   0.21016050376837
     576.000000       0.00928747320184   0.23472953312714   0.23491319860867
     578.000000       0.24312928591404   0.04982926777841   0.24818300827495
     580.000000       0.10371976677251  -0.22584792626850   0.24852580513727
     582.000000      -0.19073745765954  -0.14631005299350   0.24039011910099
     584.000000      -0.17558424481891   0.15281422334550   0.23277030284234
     586.000000       0.12281378210936   0.19967256850759   0.23441919650579
     588.000000       0.22294958103389  -0.10164361868512   0.24502640858200
     590.000000      -0.08304842746719  -0.24468215495794   0.25839194697133
     592.000000      -0.25567769814094   0.05938916427895   0.26248458651967
     594.000000       0.02876125350773   0.24550257106894   0.24718155696733
     596.000000       0.20910469910940   0.00374244455819   0.20913818656789
     598.000000       0.02991755520943  -0.15088954618319   0.15382690030381
     600.000000      -0.08203034244058  -0.04351686493326   0.09285846549744
     602.000000      -0.04275281779133   0.01424222625714   0.04506267233375
     604.000000      -0.04551635217691   0.02840831140709   0.05365417479093
     606.000000       0.00082114377553   0.09590930036349   0.09591281548007
     608.000000       0.13630233340389   0.04179646400884   0.14256672295802
     610.000000       0.10255580229631  -0.16362442795222   0.19310786107078
     612.000000      -0.17139785857285  -0.17768219726684   0.24687687042113
     614.000000      -0.25751295297052   0.15087973695666   0.29845873411865
     616.000000       0.10553217596572   0.32466167661265   0.34138284143319
     618.000000       0.35985952335370  -0.04427544377687   0.36257301536379
     620.000000       0.00917703457639  -0.35586185809403   0.35598016800062
     622.000000      -0.31494590371016  -0.03562837240674   0.31695473365161
     624.000000      -0.02300934265988   0.25549304482195   0.25652704692105
     626.000000       0.19839728544428  -0.02203838563337   0.19961756764619
     628.000000      -0.07883713236777  -0.15925783946974   0.17770299061227
     630.000000      -0.14002907699557   0.12183481153465   0.18561213243189
     632.000000       0.13389965689243   0.13004762759766   0.18665878913057
     634.000000       0.11525700454243  -0.11475283759677   0.16264190982833
     636.000000      -0.07938930548289  -0.08951308459744   0.11964637119113
     638.000000      -0.06081166497508   0.04522773647663   0.07578658683330
     640.000000       0.02029185125520   0.04704361632710   0.05123339794016
     642.000000       0.06028350118836   0.00503753058748   0.06049361313351
     644.000000       0.04711997407176  -0.09893662448617   0.10958443147291
     646.000000      -0.13811745720886  -0.11983564655560   0.18285790705146
     648.000000      -0.21219326612504   0.15277902084278   0.26147162637367
     650.000000       0.12011314301157   0.30373269988718   0.32662014650795
     652.000000       0.35515088838625  -0.04211217214427   0.35763890806825
     654.000000       0.05793499049752  -0.34630861035457   0.35112122796787
     656.000000      -0.27134722548830  -0.14814232877214   0.30915282038861
     658.000000      -0.19764200259599   0.14907841450844   0.24756157792053
     660.000000       0.01161778032291   0.18931680115548   0.18967293960756
     662.000000       0.12317640332947   0.10567375659591   0.16229408236370
     664.000000       0.17477952877892  -0.01455471804201   0.17538450187363
     666.000000       0.11074753658508  -0.18141979746526   0.21255154615292
     668.000000      -0.12568474258563  -0.22329840300991   0.25623979258810
     670.000000      -0.29704811403920   0.02266789298949   0.29791175778547
     672.000000      -0.10397108776642   0.31420369977330   0.33095913953623
     674.000000       0.27039276331368   0.22144965046601   0.34950278131071
     676.000000       0.30092103820165  -0.17718074605038   0.34920837332935
     678.000000      -0.05959183780780  -0.32044555144008   0.32593947071665
     680.000000      -0.27635894056365  -0.05030111591502   0.28089938820111
     682.000000      -0.12164501817059   0.18514297563472   0.22152975392169
     684.000000       0.08015793073057   0.14160836196567   0.16272130173277
     686.000000       0.11598159562296   0.00578454501144   0.11612575719554
     688.000000       0.05193404343107  -0.06767623951860   0.08530661324000
     690.000000      -0.02243360297556  -0.05993495546485   0.06399582352809
     692.000000      -0.04790550806352  -0.00311172233007   0.04800646330114
     694.000000      -0.00721515606405   0.03733076894553   0.03802163577614
     696.000000       0.04114376905482  -0.00146314077309   0.04116977669308
     698.000000      -0.01258918489185  -0.05947481169254   0.06079260483072
     700.000000      -0.08654548038360   0.01931285830777   0.08867416010792
     702.000000       0.01900518033249   0.11462300160304   0.11618790546335
     704.000000       0.14058000228712  -0.01022623811604   0.14095145614378
     706.000000       0.00921928467291  -0.16018016806226   0.16044525998088
     708.000000      -0.16888389903154  -0.03927370825377   0.17339029820638
     710.000000      -0.07395594307668   0.16248206016119   0.17852143118009
     712.000000       0.14253125789273   0.10605429209416   0.17765886509847
     714.000000       0.12870200728989  -0.11526519633879   0.17277231308131
     716.000000      -0.09063404013783  -0.14205270783182   0.16850371222635
     718.000000      -0.15048850253419   0.07442525858426   0.16788659419477
     720.000000       0.06635677034571   0.15789394010293   0.17127088862951
     722.000000       0.16253874394333  -0.06202739909924   0.17397195613573
     724.000000      -0.05844799258710  -0.15891192730648   0.16931972264838
     726.000000      -0.14414207993608   0.05709181035952   0.15503681504219
     728.000000       0.06156839702485   0.12397956556559   0.13842543187594
     730.000000       0.11211036421010  -0.07307573032777   0.13382375023238
     732.000000      -0.08443128967587  -0.11933987933801   0.14618703593938
     734.000000      -0.15024500354748   0.08494000592808   0.17259306387583
     736.000000       0.06448990871169   0.19121671247306   0.20179885890323
     738.000000       0.22256374078745  -0.02057240294273   0.22351251078215
     740.000000       0.03669899347603  -0.22629149978202   0.22924802942609
     742.000000      -0.19307707001464  -0.09503363358424   0.21519792396225
     744.000000      -0.14090393812517   0.13175563744639   0.19290792564870
     746.000000       0.05701873547609   0.17060696811603   0.17988294461965
     748.000000       0.18709028626428   0.01205718403664   0.18747840115956
     750.000000       0.06378723070140  -0.19817716830280   0.20818981924453
     752.000000      -0.21052469377540  -0.09523008704742   0.23106149867143
     754.000000      -0.11200495107131   0.22661511900520   0.25278354619363
     756.000000       0.24398175713412   0.12497457410059   0.27412723685522
     758.000000       0.14509349849826  -0.25612691562335   0.29436902047124
     760.000000      -0.25331054138432  -0.17905214819508   0.31020300151625
     762.000000      -0.22498014996545   0.22737122762789   0.31986519509238
     764.000000       0.17368294554977   0.27040046966620   0.32137544954546
     766.000000       0.29858841251263  -0.09916893090655   0.31462599534044
     768.000000      -0.01742303580353  -0.29191522053924   0.29243470751449
     770.000000      -0.24837552701858  -0.04847264506166   0.25306125689451
     772.000000      -0.08576333434606   0.17205424889311   0.19224467243678
     774.000000       0.08238491379656   0.08363123446594   0.11739445216688
     776.000000       0.05312176980885   0.00539069210001   0.05339458763716
     778.000000       0.08160097107415  -0.00271187957269   0.08164602115879
     780.000000       0.05438135772524  -0.14245520529061   0.15248218775461
     782.000000      -0.18729647362859  -0.11206040515296   0.21826017373023
     784.000000      -0.16638837142615   0.21278699072865   0.27011736998794
     786.000000       0.21202708968401   0.21279301903823   0.30039366789478
     788.000000       0.24312102373347  -0.17914641163562   0.30199547841504
     790.000000      -0.11444249634928  -0.24618516688023   0.27148521389295
     792.000000      -0.21464941628437   0.02863261595782   0.21655068369278
     794.000000      -0.05909490479264   0.14818575873804   0.15953440652480
     796.000000       0.06102665853804   0.12726622670746   0.14114157967330
     798.000000       0.16278735808715   0.02733876955656   0.16506705387164
     800.000000       0.09338602146446  -0.16334189579447   0.18815292696818
     802.000000      -0.14190490201804  -0.12259394561697   0.18752673601033
     804.000000      -0.11704575103142   0.11577296493135   0.16463015289887
     806.000000       0.09388253089817   0.08856426017980   0.12906416152070
     808.000000       0.05318027722604  -0.07869952382690   0.09498292971066
     810.000000      -0.06092223265756  -0.02122619011150   0.06451410371873
     812.000000       0.01038046907152   0.03453739065871   0.03606363114909
     814.000000       0.00334959071649  -0.05191419067551   0.05202213905119
     816.000000      -0.10999693588697   0.01529714083969   0.11105551954942
     818.000000      -0.00007565395285   0.17643739499567   0.17643741121536
     820.000000       0.22545804357807   0.06092920665523   0.23354592190335
     822.000000       0.15609494663242  -0.22651789684611   0.27509269338855
     824.000000      -0.16024094700018  -0.25219187543901   0.29879408148918
     826.000000      -0.30548635579648   0.03711522795511   0.30773276348802
     828.000000      -0.10656097655779   0.28630958535694   0.30549700553723
     830.000000       0.18987383154068   0.22138101689380   0.29165326424518
     832.000000       0.26563363130659  -0.04322406732102   0.26912737890616
     834.000000       0.10689815647579  -0.22665032524135   0.25059446480306
     836.000000      -0.12042789155929  -0.21716425931831   0.24832074538928
     838.000000      -0.25880031757679  -0.01588846760925   0.25928757737466
     840.000000      -0.13931667214717   0.23032360188980   0.26918041668303
     842.000000       0.15203374601383   0.21626477878887   0.26435717215842
     844.000000       0.23147859906790  -0.05807678094015   0.23865299979428
     846.000000       0.01720071953878  -0.19045610021100   0.19123124969584
     848.000000      -0.11538882898063  -0.04948904275197   0.12555376221375
     850.000000      -0.03125232398315   0.03561516340421   0.04738298870540
     852.000000      -0.02059174911758  -0.02864872543637   0.03528129250538
     854.000000      -0.10920298101118   0.03872451358842   0.11586578016993
     856.000000       0.01620989872523   0.18417335111393   0.18488532683049
     858.000000       0.23144061131582   0.03497777212542   0.23406879567575
     860.000000       0.09129621223713  -0.23868286700061   0.25554746989254
     862.000000      -0.20960126097690  -0.13360903545717   0.24856400173578
     864.000000      -0.14505062505073   0.16000261189218   0.21596416286025
     866.000000       0.10963019947926   0.12580944911390   0.16687359924267
     868.000000       0.08678900920760  -0.07604225388607   0.11538958573160
     870.000000      -0.06344605556366  -0.04609932495889   0.07842544056779
     872.000000      -0.01801791423247   0.06734999760704   0.06971848686652
     874.000000       0.07803569700796   0.00755379629615   0.07840044544517
     876.000000       0.01038600150921  -0.08834614922840   0.08895454519493
     878.000000      -0.09599167004729  -0.01795327205433   0.09765613496307
     880.000000      -0.02255113423510   0.10085540121047   0.10334585433685
     882.000000       0.10199484908059   0.01983659380427   0.10390591750583
     884.000000       0.00618836454019  -0.09817507980078   0.09836992502575
     886.000000      -0.08876800333768   0.01828874759543   0.09063242634492
     888.000000       0.05398178694681   0.08021131901810   0.09668448179824
     890.000000       0.07927425383845  -0.09183982653698   0.12132172542453
     892.000000      -0.12628579625968  -0.09467243877017   0.15783210383073
     894.000000      -0.12301268237960   0.14800831041592   0.19245409836738
     896.000000       0.16173317075461   0.16272090397983   0.22942473954295
     898.000000       0.20528833915207  -0.16895150416661   0.26587198602331
     900.000000      -0.17822159848385  -0.25022211692135   0.30720359041316
     902.000000      -0.29646478719308   0.18219560495370   0.34797501132967
     904.000000       0.17039809232265   0.33895185560769   0.37937299625447
     906.000000       0.36550613524864  -0.13108018355369   0.38829981898639
     908.000000      -0.06447900789167  -0.36170195614990   0.36740420185588
     910.000000      -0.31992859324811  -0.01496230759615   0.32027827810565
     912.000000      -0.08603090798099   0.24786268590341   0.26236849694901
     914.000000       0.16541491684453   0.13234671347303   0.21184368596160
     916.000000       0.15320430156377  -0.09504204076752   0.18029017591343
     918.000000      -0.04726292521055  -0.15872899390559   0.16561605479464
     920.000000      -0.16523425529601   0.01766141834144   0.16617546395620
     922.000000      -0.01162713544161   0.17751777969169   0.17789815171958
     924.000000       0.19025687540206   0.05347024470786   0.19762779588629
     926.000000       0.11376149051322  -0.19167199274371   0.22288972503490
     928.000000      -0.16678586524879  -0.18398961719440   0.24833385609323
     930.000000      -0.24485454788811   0.11501884712094   0.27052372320098
     932.000000       0.04420624769194   0.28269661963625   0.28613208678644
     934.000000       0.28584728279342   0.03063948928919   0.28748469069550
     936.000000       0.09230824013139  -0.25260285291344   0.26894053710098
     938.000000      -0.18626483913511  -0.12683470724711   0.22534780509356
     940.000000      -0.12560467903420   0.09616091239145   0.15818804147988
     942.000000      -0.00444998491493   0.08616002768023   0.08627486734618
     944.000000       0.01420052091758   0.09848815224534   0.09950663760289
     946.000000       0.17048100603374   0.07848793101485   0.18768092266735
     948.000000       0.17387501188865  -0.20831694833058   0.27134566648657
     950.000000      -0.21025865231193  -0.25523025362706   0.33068290436393
     952.000000      -0.30916513917304   0.17856295645330   0.35702634734320
     954.000000       0.12244307418202   0.32808965970383   0.35019299139149
     956.000000       0.31347273709383  -0.04994215647667   0.31742617392811
     958.000000       0.03189389178016  -0.26767708470047   0.26957047688244
     960.000000      -0.19860823057572  -0.11378195467316   0.22889203232455
     962.000000      -0.18776541684404   0.11388562891684   0.21960370724649
     964.000000       0.02277717740972   0.24318786038955   0.24425219600160
     966.000000       0.27169074047289   0.06610352056249   0.27961676253305
     968.000000       0.14421319515967  -0.26749790549355   0.30389566482857
     970.000000      -0.23098624612739  -0.20320714347407   0.30764880799203
     972.000000      -0.23468194366494   0.16842494408598   0.28886428729201
     974.000000       0.09333372363696   0.23388686918201   0.25182186470540
     976.000000       0.19982355149264  -0.02107219881591   0.20093155375418
     978.000000       0.03398905166381  -0.14178882194892   0.14580578062158
     980.000000      -0.07343868204634  -0.06362521791825   0.09716690988113
     982.000000      -0.06645972553882   0.00819448917758   0.06696301047277
     984.000000      -0.03896937227055   0.04617519898374   0.06042152742482
     986.000000       0.00818414804616   0.06399033244483   0.06451157202891
     988.000000       0.05963250469865   0.03902681001121   0.07126799784114
     990.000000       0.08448613959524  -0.02550693922020   0.08825254518760
     992.000000       0.03592888354167  -0.11007261441139   0.11578801801529
     994.000000      -0.09790414941658  -0.11159128791025   0.14845146685181
     996.000000      -0.17816607468607   0.03694552603011   0.18195637406445
     998.000000      -0.06604862995550   0.20683173478654   0.21712159734538
     1000.00000       0.17514521215831   0.18419166097523   0.25417004802847
     1002.00000       0.27883550812601  -0.07899168629980   0.28980843172064
     1004.00000       0.06013304782900  -0.31464558216002   0.32034017202658
     1006.00000      -0.27730754132191  -0.20420001147702   0.34437932162257
     1008.00000      -0.30950363392685   0.17900779693922   0.35754201260686
     1010.00000       0.05666708050015   0.35051911438935   0.35507014456964
     1012.00000       0.32613065581187   0.04763143147424   0.32959059137750
     1014.00000       0.10522583307461  -0.26131667239278   0.28170708052280
     1016.00000      -0.18879015844606  -0.10514936093963   0.21609745956882
     1018.00000      -0.06541771550517   0.13988052163859   0.15442162360175
     1020.00000       0.12463771326442   0.00753438407669   0.12486523339665
     1022.00000      -0.04087184521939  -0.14323957834446   0.14895665321138
     1024.00000      -0.17897425196995   0.06683604536534   0.19104669541314
     1026.00000       0.06562074482877   0.21864692720882   0.22828175776821
     1028.00000       0.24900291979146  -0.04144860932341   0.25242908168339
     1030.00000      -0.00183130398173  -0.26380579855396   0.26381215480899
     1032.00000      -0.26127412276678  -0.04405154251432   0.26496170596039
     1034.00000      -0.08743194982065   0.24321781269719   0.25845550925187
     1036.00000       0.21465702785690   0.12016877177567   0.24600441727422
     1038.00000       0.13627847523683  -0.18131447748211   0.22681878792879
     1040.00000      -0.15245000534629  -0.13372398798953   0.20278833569490
     1042.00000      -0.11692033491865   0.13269138976269   0.17685409137094
     1044.00000       0.12763443886162   0.09384165877805   0.15841971754090
     1046.00000       0.07737041641921  -0.13343966623091   0.15424761217179
     1048.00000      -0.14330447485283  -0.07314786394105   0.16089369941667
     1050.00000      -0.08439477831554   0.15062067830851   0.17265302586704
     1052.00000       0.14417580311118   0.10516973128187   0.17845821522321
     1054.00000       0.12130874673553  -0.12367801828890   0.17323990372433
     1056.00000      -0.09011620170003  -0.12260843781480   0.15216359233478
     1058.00000      -0.09848370683772   0.04990124411812   0.11040459536194
     1060.00000       0.01173662038628   0.04886034080471   0.05025018568765
     1062.00000      -0.01833133397091   0.01632302006498   0.02454544334891
     1064.00000       0.03060033238976   0.08740377873562   0.09260562012982
     1066.00000       0.14337170762139  -0.03318506036146   0.14716213771710
     1068.00000      -0.03076004617259  -0.17743416879674   0.18008071717185
     1070.00000      -0.19396563743654   0.02784466083039   0.19595406003174
     1072.00000       0.02273136377515   0.20216944525588   0.20344335696736
     1074.00000       0.21181373494504  -0.00615869566543   0.21190325113991
     1076.00000       0.03229408511290  -0.21890194579631   0.22127125842885
     1078.00000      -0.21049576136322  -0.09199022607100   0.22971866977779
     1080.00000      -0.15970876140841   0.17168728379176   0.23448541934713
     1082.00000       0.10060646995014   0.20968317405736   0.23256976432588
     1084.00000       0.22348986768542  -0.01364386089264   0.22390595324400
     1086.00000       0.06403438015228  -0.19736924907519   0.20749704171864
     1088.00000      -0.14963388230157  -0.11340759029896   0.18775404195398
     1090.00000      -0.13659026863035   0.10605309699955   0.17292819569898
     1092.00000       0.08362482226409   0.15377595677290   0.17504329687286
     1094.00000       0.18989541759561  -0.07859437141556   0.20551726166436
     1096.00000      -0.07053398997660  -0.25403015871543   0.26364059869263
     1098.00000      -0.33419194888884   0.03619118871090   0.33614589219925
     1100.00000      -0.03141037089266   0.40016476292884   0.40139562639559
     1102.00000       0.42176614267503   0.11915653681351   0.43827498145840
     1104.00000       0.20064630619231  -0.38362751322752   0.43293072089394
     1106.00000      -0.28943533301134  -0.24571177018519   0.37966707258192
     1108.00000      -0.24001518587669   0.15894214796992   0.28787131821825
     1110.00000       0.02124186733671   0.18014400997840   0.18139206503882
     1112.00000       0.08127146294926   0.09884721246715   0.12796805110041
     1114.00000       0.17955844811358   0.03651911670304   0.18323450050067
     1116.00000       0.14712715919316  -0.21134719234650   0.25751511933282
     1118.00000      -0.19485942973069  -0.22759416757898   0.29961525740679
     1120.00000      -0.26190294686416   0.14302987694509   0.29841363788382
     1122.00000       0.07604588232744   0.24679428405661   0.25824483511190
     1124.00000       0.19270025260433  -0.01363486735715   0.19318203063851
     1126.00000       0.03025351849742  -0.11995125800747   0.12370763791718
     1128.00000      -0.04819111452664  -0.05355542748967   0.07204559204366
     1130.00000      -0.06009547053885  -0.00961907607849   0.06086043216976
     1132.00000      -0.05259367612133   0.05822027092405   0.07845823547866
     1134.00000       0.05097690366512   0.08500235370674   0.09911631976102
     1136.00000       0.11385454932997  -0.03598372160704   0.11940555524692
     1138.00000      -0.00894621723905  -0.13812292565446   0.13841234552682
     1140.00000      -0.15288921152145  -0.03649223038169   0.15718394917383
     1142.00000      -0.09343873479910   0.14672783044172   0.17395359549889
     1144.00000       0.11375493511547   0.15198374862384   0.18984005138241
     1146.00000       0.18899429310272  -0.05253845266384   0.19616098448393
     1148.00000       0.02147499583803  -0.18806392516235   0.18928606761648
     1150.00000      -0.14193177345440  -0.08613186457783   0.16602206603812
     1152.00000      -0.11508536333591   0.06284619783715   0.13112698210798
     1154.00000      -0.02255311656651   0.09262865787856   0.09533473305803
     1156.00000       0.02150193222925   0.08287500670003   0.08561892212076
     1158.00000       0.09780199749268   0.07911347220609   0.12579416599374
     1160.00000       0.17961018129801  -0.06294145852832   0.19031932226544
     1162.00000       0.00603199636113  -0.25494596622248   0.25501731445769
     1164.00000      -0.28908750839020  -0.09031389208775   0.30286661521418
     1166.00000      -0.16915405313443   0.27779361999567   0.32524204679301
     1168.00000       0.22440788803807   0.22985296799199   0.32123400677456
     1170.00000       0.26069150876659  -0.13980194284386   0.29581184216647
     1172.00000      -0.04215569617119  -0.25715396121437   0.26058638200781
     1174.00000      -0.21609295833838  -0.04970189609181   0.22173507868299
     1176.00000      -0.10930596839903   0.14566320479133   0.18211415089918
     1178.00000       0.06685088787724   0.12637732835111   0.14296947342402
     1180.00000       0.10085307633112  -0.00202848707717   0.10087347404186
     1182.00000       0.02696446048274  -0.05049988152366   0.05724788348078
     1184.00000      -0.00143075468771  -0.01399636938875   0.01406930755378
     1186.00000       0.03116114782997  -0.02188775417682   0.03808005930912
     1188.00000      -0.00724542176148  -0.08554276318704   0.08584905631500
     1190.00000      -0.12397972977542  -0.04132386009082   0.13068525091988
     1192.00000      -0.10566637133769   0.12821133047106   0.16614309282313
     1194.00000       0.09551080850659   0.16400520505389   0.18978941442122
     1196.00000       0.19896027589197  -0.03428687498881   0.20189299437947
     1198.00000       0.03781289301242  -0.20349730320077   0.20698059640448
     1200.00000      -0.18139008349693  -0.10429367996437   0.20923559465716
     1202.00000      -0.15341247255040   0.14019232791390   0.20782029626566
     1204.00000       0.08938837810811   0.17908498311213   0.20015422383020
     1206.00000       0.17912614467460  -0.03755585879398   0.18302081366812
     1208.00000       0.00299487746424  -0.15781536387037   0.15784377835241
     1210.00000      -0.12401768615087  -0.02280471025506   0.12609695193792
     1212.00000      -0.01367094762197   0.09106901648393   0.09208941617924
     1214.00000       0.07291729713368  -0.02261696044179   0.07634434570358
     1216.00000      -0.07462832850748  -0.07718206056465   0.10736134261840
     1218.00000      -0.10296607239531   0.12479719538003   0.16179107527685
     1220.00000       0.15697951665556   0.13827854828751   0.20919733642166
     1222.00000       0.16859215555219  -0.16217231665113   0.23392985102746
     1224.00000      -0.14254135287872  -0.18037278514281   0.22989645256217
     1226.00000      -0.16690331412522   0.10997865474281   0.19988001592210
     1228.00000       0.07652468426926   0.13260541539942   0.15310200356548
     1230.00000       0.08755230641784  -0.05558565702549   0.10370714356320
     1232.00000      -0.05031094686313  -0.04553292636747   0.06785601489809
     1234.00000      -0.02099180482489   0.05835188375064   0.06201288742717
     1236.00000       0.06951585177389   0.01626536552999   0.07139338739459
     1238.00000       0.02904585763344  -0.07532866281613   0.08073456067465
     1240.00000      -0.06964674169883  -0.04629090019481   0.08362724478368
     1242.00000      -0.05568042627664   0.05456966853433   0.07796254609936
     1244.00000       0.03811570065888   0.04988519577415   0.06278008756080
     1246.00000       0.03188238275159  -0.02942276387495   0.04338416028875
     1248.00000      -0.03219933761155  -0.01452920161102   0.03532555791599
     1250.00000      -0.01019490147724   0.04074228421415   0.04199844924657
     1252.00000       0.04252482674315   0.02524218916677   0.04945229017412
     1254.00000       0.05133559961331  -0.02630866027494   0.05768439471053
     1256.00000       0.00879712067279  -0.07450400640182   0.07502157224461
     1258.00000      -0.08557776953454  -0.04931260645373   0.09876886044583
     1260.00000      -0.08055906524286   0.08718424153917   0.11870490708292
     1262.00000       0.09675786174768   0.09111175864471   0.13290386139355
     1264.00000       0.08974321590342  -0.12799721245011   0.15632380239646
     1266.00000      -0.18229664089838  -0.09434025488700   0.20526117259477
     1268.00000      -0.12205070708055   0.23345458212605   0.26343389496136
     1270.00000       0.24749172878929   0.16869906289053   0.29951883019145
     1272.00000       0.21032789510612  -0.19524749493468   0.28698328825568
     1274.00000      -0.07803125128379  -0.21005133339505   0.22407685922012
     1276.00000      -0.14319069092704  -0.07293192991903   0.16069424498058
     1278.00000      -0.20801803712427   0.01180716421097   0.20835285670165
     1280.00000      -0.15361566792590   0.28625012048734   0.32486444082314
     1282.00000       0.28917178127727   0.30921713426235   0.42336220333007
     1284.00000       0.41714854232658  -0.22947316866929   0.47609961300585
     1286.00000      -0.13464672460421  -0.46013648726605   0.47943229695149
     1288.00000      -0.44467917191412   0.03746007735660   0.44625421379500
     1290.00000      -0.04175457575031   0.38990235319146   0.39213172483277
     1292.00000       0.31985272810289   0.09073188582060   0.33247261959359
     1294.00000       0.11338176163123  -0.25360890647807   0.27780011035923
     1296.00000      -0.19888593775493  -0.11452226254078   0.22950155741109
     1298.00000      -0.10596236352779   0.16079855936427   0.19257258158424
     1300.00000       0.12995176081351   0.09362650523107   0.16016673381297
     1302.00000       0.07697412258484  -0.10395751459884   0.12935292957361
     1304.00000      -0.07920639800746  -0.05343539643312   0.09554577477461
     1306.00000      -0.01750078343651   0.06238490444973   0.06479316109046
     1308.00000       0.06463312436163  -0.02885528024287   0.07078183356371
     1310.00000      -0.07606939922540  -0.09711596527490   0.12336151835070
     1312.00000      -0.16075346263468   0.10615324437499   0.19264004526675
     1314.00000       0.10507175965553   0.24300407470323   0.26474715295822
     1316.00000       0.32045225466094  -0.06295914223006   0.32657847618547
     1318.00000       0.01290121806419  -0.36419209828766   0.36442053438672
     1320.00000      -0.35456161096421  -0.10592450731287   0.37004585826491
     1322.00000      -0.19058628812672   0.28266862821042   0.34091741902737
     1324.00000       0.16098017065112   0.24076752291536   0.28962668287584
     1326.00000       0.23982884536396  -0.01579473822839   0.24034839051742
     1328.00000       0.11775253363137  -0.18460976424440   0.21896671945979
     1330.00000      -0.08698345545425  -0.20751347712614   0.22500658815186
     1332.00000      -0.23442616122124  -0.02491296315535   0.23574622117461
     1334.00000      -0.12254849775061   0.20332975360888   0.23740497678773
     1336.00000       0.13482111568349   0.18398870896787   0.22809773839695
     1338.00000       0.20258437314674  -0.05816669220288   0.21076952418479
     1340.00000       0.00220992195683  -0.18606419502833   0.18607731840984
     1342.00000      -0.14926171019382  -0.03399867113428   0.15308483846835
     1344.00000      -0.03752223562557   0.10944905252591   0.11570226127938
     1346.00000       0.08132915761779   0.02050029218693   0.08387308184733
     1348.00000      -0.00492058947511  -0.07481498399373   0.07497662322860
     1350.00000      -0.09594434655529   0.02217602791330   0.09847382317110
     1352.00000       0.01815666984480   0.13715839382876   0.13835494084976
     1354.00000       0.18186454623872   0.01894090907564   0.18284821906496
     1356.00000       0.08785697585488  -0.20557231584631   0.22355944455285
     1358.00000      -0.18470732575299  -0.17312367481720   0.25315726923995
     1360.00000      -0.24862108028482   0.11566147378944   0.27420798325566
     1362.00000       0.00878195093629   0.28863791634104   0.28877148303104
     1364.00000       0.27790923632308   0.10820119997393   0.29822984979622
     1366.00000       0.20863843434775  -0.21833016480987   0.30199016068903
     1368.00000      -0.12687222712231  -0.27441150058197   0.30232140788674
     1370.00000      -0.30181824802797   0.02667513675345   0.30299474873913
     1372.00000      -0.06073464390845   0.30025535337627   0.30633637427147
     1374.00000       0.28306375182971   0.12334793971141   0.30877143946771
     1376.00000       0.15774944458667  -0.26368504748530   0.30726973742093
     1378.00000      -0.24803430239780  -0.16814807035133   0.29965778603073
     1380.00000      -0.16184867252207   0.23611441796708   0.28626039049979
     1382.00000       0.22705904088251   0.14336271147909   0.26853058501616
     1384.00000       0.12096326340868  -0.21741629805056   0.24880104049719
     1386.00000      -0.20911367804922  -0.09755184798669   0.23074855014255
     1388.00000      -0.08102481262647   0.20064050843821   0.21638307209091
     1390.00000       0.19176719516361   0.07395457392328   0.20553329692556
     1392.00000       0.07706769531909  -0.17685955754909   0.19292157152132
     1394.00000      -0.15466672878837  -0.08403655597350   0.17602255461725
     1396.00000      -0.08882998688027   0.12479003892543   0.15317741473259
     1398.00000       0.09266703248227   0.08531505735008   0.12595966782950
     1400.00000       0.07256676540252  -0.06322842405667   0.09624847557065
     1402.00000      -0.04117808471245  -0.05152295284269   0.06595641993177
     1404.00000      -0.02648202229235   0.02703537577931   0.03784453789150
     1406.00000       0.02233811375852   0.00116207269215   0.02236831999123
     1408.00000      -0.01762600364998  -0.02541408950523   0.03092817404971
     1410.00000      -0.03358306108075   0.02333681892253   0.04089534336543
     1412.00000       0.01394989949447   0.03896934593279   0.04139093642738
     1414.00000       0.03504081625725   0.00956128296003   0.03632185204276
     1416.00000       0.03821765616593  -0.01422465674739   0.04077903998868
     1418.00000       0.01609378219508  -0.06247233520242   0.06451203369129
     1420.00000      -0.08039392091520  -0.04649802526604   0.09287221798666
     1422.00000      -0.05800527354308   0.09221153591177   0.10893841890726
     1424.00000       0.11153817152014   0.04218657059954   0.11924961402455
     1426.00000       0.00209866148062  -0.14327814924427   0.14329351845382
     1428.00000      -0.18978558140187   0.04975842490724   0.19620007073723
     1430.00000       0.09539092529878   0.24164670110086   0.25979329626125
     1432.00000       0.28555355642970  -0.12349517820635   0.31111395441200
     1434.00000      -0.12868738247218  -0.31217566343707   0.33765972109495
     1436.00000      -0.31784182148481   0.11250153019720   0.33716467457534
     1438.00000       0.07412589240967   0.30621702707415   0.31506112993459
     1440.00000       0.27746530894696  -0.01301351647054   0.27777031749264
     1442.00000       0.07014115537587  -0.22587965322405   0.23651934258762
     1444.00000      -0.14054870844433  -0.16070938217398   0.21349811466172
     1446.00000      -0.23346872601364   0.02067393393955   0.23438228937138
     1448.00000      -0.12176489863326   0.25962561030541   0.28676148288364
     1450.00000       0.22032470897251   0.25693078284019   0.33846182141372
     1452.00000       0.34980936878943  -0.12041509440179   0.36995457755331
     1454.00000       0.00935774834960  -0.37866995413953   0.37878556152817
     1456.00000      -0.34394517078959  -0.13320392402758   0.36883812965286
     1458.00000      -0.21841855097169   0.26421761674782   0.34280841939554
     1460.00000       0.16834767128810   0.25363620508528   0.30442119334598
     1462.00000       0.24561671043534  -0.07954476760547   0.25817617724819
     1464.00000      -0.01002484746284  -0.20953946017085   0.20977912893170
     1466.00000      -0.16238976036531  -0.03840007223104   0.16686821092962
     1468.00000      -0.06791456314910   0.11190553988948   0.13090163385416
     1470.00000       0.06159145433290   0.07781943624993   0.09924400185955
     1472.00000       0.06751597341962  -0.01392235279559   0.06893648217137
     1474.00000       0.03033524277112  -0.03100819111945   0.04337896806614
     1476.00000       0.02977683928588  -0.06507094850881   0.07156038357704
     1478.00000      -0.08434469714017  -0.11128341863663   0.13963533649876
     1480.00000      -0.20150005273552   0.08158030266591   0.21738817133294
     1482.00000       0.04942327197226   0.28229532538505   0.28658909704784
     1484.00000       0.33487971940721   0.00922874791538   0.33500686001684
     1486.00000       0.08779433918346  -0.34369959550192   0.35473547601113
     1488.00000      -0.30468101354314  -0.16759579837851   0.34773390925793
     1490.00000      -0.22994411915573   0.22581576716583   0.32228412718438
     1492.00000       0.12646568985182   0.25866785344393   0.28792816658845
     1494.00000       0.24730896364753  -0.02849476269156   0.24894512447780
     1496.00000       0.04804631688280  -0.19982338040828   0.20551844667522
     1498.00000      -0.12824065447869  -0.09132233375770   0.15743390392186
     1500.00000      -0.09670609446078   0.05017752217107   0.10894885238994
     1502.00000      -0.01477863881437   0.06708404144871   0.06869262538510
     1504.00000       0.01607959130051   0.05122419765302   0.05368865505475
     1506.00000       0.04892063860986   0.03924469811257   0.06271662627998
     1508.00000       0.07460919345150  -0.01462931919752   0.07602991995041
     1510.00000       0.03616606859364  -0.07641822457827   0.08454424619816
     1512.00000      -0.04098641147752  -0.07572732152923   0.08610756733177
     1514.00000      -0.08334422033297  -0.01471662387449   0.08463355174618
     1516.00000      -0.06561697362567   0.04880336559358   0.08177625401700
     1518.00000      -0.01735126396805   0.08442936797810   0.08619387761593
     1520.00000       0.05800225580874   0.09234673543976   0.10905127796263
     1522.00000       0.14765598755881   0.01092056733270   0.14805927682126
     1524.00000       0.10112828098214  -0.16190287212686   0.19089124971389
     1526.00000      -0.12671617526317  -0.18468401070859   0.22397583102812
     1528.00000      -0.23196796762600   0.05136963830353   0.23758783164121
     1530.00000      -0.04231916286245   0.22593675024634   0.22986588841595
     1532.00000       0.16588707195607   0.12523756685910   0.20785323859624
     1534.00000       0.17476647925325  -0.06908541900733   0.18792582949131
     1536.00000       0.03412378484641  -0.18117951960730   0.18436499401290
     1538.00000      -0.15546084411568  -0.11677381860218   0.19443301870849
     1540.00000      -0.16325070305950   0.11639539174449   0.20049608292626
     1542.00000       0.08720111255402   0.17627560070263   0.19666499798828
     1544.00000       0.17218880518029  -0.07185117774079   0.18657860641604
     1546.00000      -0.06696479755788  -0.16267442855530   0.17591831575411
     1548.00000      -0.15571320009225   0.05741592174699   0.16596140742060
     1550.00000       0.03487529944925   0.14298352319073   0.14717531863634
     1552.00000       0.11711008340250  -0.00299409590694   0.11714835143885
     1554.00000       0.02607180751214  -0.07604728078819   0.08039233833039
     1556.00000      -0.02671575506190  -0.03901571660225   0.04728591450436
     1558.00000      -0.03218533207079  -0.01569577942588   0.03580856171774
     1560.00000      -0.04159667634210   0.01254902730644   0.04344837820963
     1562.00000      -0.00553507287458   0.04869296569686   0.04900654997123
     1564.00000       0.04757797108788   0.01029322028729   0.04867867825570
     1566.00000      -0.00203031292912  -0.05353744727742   0.05357593145782
     1568.00000      -0.08031767191471   0.02341499769109   0.08366116505687
     1570.00000       0.03994751406394   0.12946083487140   0.13548399036598
     1572.00000       0.19282313679396  -0.04023294776348   0.19697576543524
     1574.00000      -0.01958792724431  -0.25489163066609   0.25564316982339
     1576.00000      -0.29711127911578  -0.01605231699127   0.29754460011670
     1578.00000      -0.04990236098599   0.31033925395983   0.31432578351182
     1580.00000       0.29210345164734   0.07028444853173   0.30044022728274
     1582.00000       0.06599678337650  -0.24823634901482   0.25685961221697
     1584.00000      -0.19096824867243  -0.03719347084136   0.19455648607601
     1586.00000       0.00589636386318   0.13687786571698   0.13700480732457
     1588.00000       0.09789976567828  -0.04572080488779   0.10804978537438
     1590.00000      -0.06078841065647  -0.07874328881820   0.09947731602755
     1592.00000      -0.06960847733594   0.03408698898559   0.07750653478986
     1594.00000      -0.03367758840375   0.05059267476588   0.06077662955988
     1596.00000       0.00029231971861   0.12425300902319   0.12425335288086
     1598.00000       0.20223645067621   0.08604958695420   0.21978196786155
     1600.00000       0.19570735069184  -0.23364302609574   0.30477931484599
     1602.00000      -0.20142527209614  -0.29717465588123   0.35900545446710
     1604.00000      -0.35825196397565   0.11166009519936   0.37524984550608
     1606.00000      -0.00643277981636   0.36165669241783   0.36171389775176
     1608.00000       0.30896354695043   0.12171727076594   0.33207464122829
     1610.00000       0.20808823600947  -0.22053579068015   0.30321073354426
     1612.00000      -0.11762297231426  -0.25822699935454   0.28375402519029
     1614.00000      -0.27313246040938   0.01632135659350   0.27361967694290
     1616.00000      -0.07741680640989   0.25650416214281   0.26793235547670
     1618.00000       0.20953129418375   0.15887354880502   0.26295278616553
     1620.00000       0.22015389929529  -0.13194068191241   0.25666336497138
     1622.00000      -0.03364725769835  -0.24582552873805   0.24811756997432
     1624.00000      -0.22448001141771  -0.06485735265028   0.23366161798400
     1626.00000      -0.13744183196940   0.15870513579212   0.20994660583563
     1628.00000       0.06572168262491   0.16448482502851   0.17712875890637
     1630.00000       0.14753569731522   0.02333820106351   0.14937018983441
     1632.00000       0.08373372313771  -0.10357029974436   0.13318462140818
     1634.00000      -0.06157979852020  -0.10282055379096   0.11985048129927
     1636.00000      -0.08725849979945   0.03807493836098   0.09520371168417
     1638.00000       0.03882894064430   0.05006257309276   0.06335572473129
     1640.00000       0.00747892393950  -0.05379835049187   0.05431571429098
     1642.00000      -0.07203447077394   0.03347177649433   0.07943125833932
     1644.00000       0.07013810463255   0.08729784680499   0.11198333705616
     1646.00000       0.10277194899435  -0.10510607654165   0.14700122729446
     1648.00000      -0.13660912979765  -0.12815731470907   0.18731351167898
     1650.00000      -0.17267126277742   0.16038209319523   0.23566455144301
     1652.00000       0.16560165154960   0.23881896952246   0.29061728647781
     1654.00000       0.31812310186134  -0.14135964704672   0.34811615554446
     1656.00000      -0.08256196846208  -0.39106248257777   0.39968280412875
     1658.00000      -0.43611394894951  -0.00681415798858   0.43616718035339
     1660.00000      -0.10940917791465   0.43491219934382   0.44846291858975
     1662.00000       0.38585749437397   0.20095762346264   0.43505168933393
     1664.00000       0.25880175131003  -0.30120064931125   0.39711481667983
     1666.00000      -0.20896361084819  -0.27120996071986   0.34237498952520
     1668.00000      -0.24334129366174   0.13198472596448   0.27683018818201
     1670.00000       0.09053926232442   0.19038241850364   0.21081466575537
     1672.00000       0.13703290731906  -0.08613751968683   0.16185700474836
     1674.00000      -0.11090811891157  -0.10080020967429   0.14987092149875
     1676.00000      -0.09276722063077   0.14822010413810   0.17485696009672
     1678.00000       0.17951968091006   0.11441282910261   0.21287933506405
     1680.00000       0.15592072332142  -0.18734039022644   0.24373693559096
     1682.00000      -0.16079303038959  -0.20211847393074   0.25827558174547
     1684.00000      -0.23141034576126   0.09965363315032   0.25195554116828
     1686.00000       0.01654472373524   0.22563262978276   0.22623839529611
     1688.00000       0.17494431584002   0.06320510690763   0.18601182538735
     1690.00000       0.11192673373693  -0.08886521712393   0.14291473170916
     1692.00000       0.00844619125051  -0.11166828012837   0.11198724451234
     1694.00000      -0.06058789593712  -0.08181848883750   0.10180942122289
     1696.00000      -0.10199258556997  -0.02125857108120   0.10418452071044
     1698.00000      -0.10491819504143   0.05967389506337   0.12070128997979
     1700.00000      -0.03608237772468   0.16167046952606   0.16564805673186
     1702.00000       0.17115558846523   0.15229678170063   0.22910378691599
     1704.00000       0.25469098352641  -0.13637231880602   0.28890293599439
     1706.00000      -0.07085302385798  -0.31444443698887   0.32232817894666
     1708.00000      -0.32230682870029  -0.00060593567488   0.32230739827822
     1710.00000      -0.05620377812749   0.28502251190811   0.29051109612235
     1712.00000       0.22400823258343   0.08369035605178   0.23913126930877
     1714.00000       0.08551552113711  -0.16171732425943   0.18293550043932
     1716.00000      -0.11351449059716  -0.07201332534453   0.13443012535407
     1718.00000      -0.05957542376489   0.08013440436226   0.09985366232272
     1720.00000       0.05368790475390   0.05316230879025   0.07555542464160
     1722.00000       0.04949908823333  -0.02289531895458   0.05453765090250
     1724.00000       0.01456136223470  -0.03646073037970   0.03926089823159
     1726.00000      -0.00252475773129  -0.05061544606768   0.05067837588393
     1728.00000      -0.07319253939105  -0.04952516522130   0.08837358096573
     1730.00000      -0.10669765924684   0.07500221621761   0.13042132849464
     1732.00000       0.06488389541750   0.14953551246822   0.16300548878391
     1734.00000       0.16845953170183  -0.05702254227379   0.17784876763297
     1736.00000      -0.06915205091682  -0.16616063531868   0.17997600638838
     1738.00000      -0.15664204414975   0.10298071393799   0.18746134918588
     1740.00000       0.14958986338816   0.15193759952187   0.21321857652878
     1742.00000       0.15408538449024  -0.18805122601887   0.24311636991511
     1744.00000      -0.20383890313840  -0.15208297853619   0.25432170727860
     1746.00000      -0.13188229125623   0.19432282556470   0.23484952476520
     1748.00000       0.16785579528145   0.08582551508966   0.18852476508399
     1750.00000       0.01965154356083  -0.14350326265225   0.14484256817719
     1752.00000      -0.13235393394454   0.05022488480475   0.14156307034056
     1754.00000       0.10234331221522   0.14069916758917   0.17398393407285
     1756.00000       0.16188233520737  -0.12155275813119   0.20243755447419
     1758.00000      -0.09868835172975  -0.18323181729628   0.20811845097643
     1760.00000      -0.18871970743448   0.04091523554803   0.19310407679308
     1762.00000      -0.03996366222654   0.16773312897282   0.17242823682207
     1764.00000       0.11277100263683   0.12165995879372   0.16588684278569
     1766.00000       0.18126137735756  -0.02741956722128   0.18332353800906
     1768.00000       0.07656926571234  -0.19686092040710   0.21122754184825
     1770.00000      -0.15691848137814  -0.17567522392677   0.23555295391852
     1772.00000      -0.24393977812300   0.06512915073322   0.25248449779329
     1774.00000      -0.05512569820477   0.25787121142169   0.26369756214773
     1776.00000       0.21122087314602   0.16963121520321   0.27090405390818
     1778.00000       0.24408182807896  -0.11744915704834   0.27086942110495
     1780.00000      -0.00507909400133  -0.26279756507267   0.26284664236775
     1782.00000      -0.22909869242463  -0.09338631961455   0.24740092069721
     1784.00000      -0.15575763326171   0.16712941613938   0.22845717773443
     1786.00000       0.10059326467996   0.17784964751405   0.20432694883407
     1788.00000       0.16632058802793  -0.04729562489685   0.17291447058109
     1790.00000      -0.00813919614914  -0.13253487767229   0.13278456353644
     1792.00000      -0.08297326339842  -0.01757474699677   0.08481411539941
     1794.00000      -0.03447360668051   0.02336575186940   0.04164598321549
     1796.00000      -0.04116126808610   0.03672788453765   0.05516509306679
     1798.00000       0.02076211007771   0.09704507676768   0.09924118167235
     1800.00000       0.12892299788350   0.01353426979918   0.12963146162204
     1802.00000       0.05461190450256  -0.12773841323363   0.13892286467261
     1804.00000      -0.09592183557739  -0.08764703801008   0.12993460590803
     1806.00000      -0.10046603886069   0.04916486298456   0.11185083243610
     1808.00000       0.00519614731261   0.09177836465858   0.09192534017504
     1810.00000       0.06998994190550   0.02525746072014   0.07440787115598
     1812.00000       0.04503585443243  -0.04265229197920   0.06202778567334
     1814.00000      -0.01016575679323  -0.05897658249902   0.05984630226207
     1816.00000      -0.07117508189861  -0.03200386412379   0.07803934649988
     1818.00000      -0.09078959132474   0.07238478018724   0.11611333384099
     1820.00000       0.04768921306478   0.15898246315098   0.16598097671809
     1822.00000       0.22137683397840   0.01098164665570   0.22164904508157
     1824.00000       0.10412394048126  -0.25603097419822   0.27639402079320
     1826.00000      -0.24310983881801  -0.20970439188439   0.32105813446434
     1828.00000      -0.30275012542735   0.18233551934365   0.35341743032934
     1830.00000       0.08464971495435   0.35539661593869   0.36533864956028
     1832.00000       0.35421734388541   0.02250560963273   0.35493158379352
     1834.00000       0.10986666157283  -0.30126647514317   0.32067455834592
     1836.00000      -0.21611458579490  -0.15358390815001   0.26512927231057
     1838.00000      -0.14817176494771   0.12861677327432   0.19620689665558
     1840.00000       0.06674746341825   0.10520559365973   0.12459310097300
     1842.00000       0.05328443002550  -0.04132971647715   0.06743423423769
     1844.00000      -0.04653587286669  -0.01656637137444   0.04939668130533
     1846.00000      -0.01008628531695   0.06031546237239   0.06115298972815
     1848.00000       0.05861686046999   0.03028393869313   0.06597767254252
     1850.00000       0.05942346068427  -0.02809735246511   0.06573133876047
     1852.00000       0.03079100496060  -0.08058016229188   0.08626267177331
     1854.00000      -0.08217523867793  -0.10396175814691   0.13251723287471
     1856.00000      -0.17617905210837   0.06151969160443   0.18661117559490
     1858.00000       0.02091144301947   0.22758731068125   0.22854599631645
     1860.00000       0.24869511691519   0.03442038921903   0.25106577698175
     1862.00000       0.10029646227575  -0.22981209611600   0.25074485012909
     1864.00000      -0.17035294184642  -0.16734289678739   0.23879650311704
     1866.00000      -0.22289310531647   0.07382173087270   0.23479988148775
     1868.00000      -0.04689154678463   0.25121392034638   0.25555283394173
     1870.00000       0.24014751409479   0.17106723600369   0.29484712608375
     1872.00000       0.27744082173187  -0.18550181447138   0.33374291413516
     1874.00000      -0.09702855543547  -0.34238633742960   0.35586928025379
     1876.00000      -0.35786412290496  -0.00729988564325   0.35793856846244
     1878.00000      -0.10397906440178   0.32438792363414   0.34064522722847
     1880.00000       0.25745885296111   0.17509752360262   0.31135864166556
     1882.00000       0.20879697649010  -0.17941311630755   0.27529119799695
     1884.00000      -0.11266905776876  -0.21046763696118   0.23872775872639
     1886.00000      -0.18907432299858   0.06935004925513   0.20139148181852
     1888.00000       0.05147540492444   0.16071906002870   0.16876117316682
     1890.00000       0.13316340173671  -0.04688487825606   0.14117607223315
     1892.00000      -0.04284124446651  -0.10598600313415   0.11431712508540
     1894.00000      -0.07085328081583   0.02668484390687   0.07571174477385
     1896.00000      -0.00105925579479   0.01741641777145   0.01744859968102
     1898.00000      -0.05538805854086   0.03155031712361   0.06374370195970
     1900.00000       0.05362286213348   0.13603581486655   0.14622296081598
     1902.00000       0.20647442381768  -0.05972705479440   0.21493954676898
     1904.00000      -0.05505019344000  -0.24704711036462   0.25310629888901
     1906.00000      -0.25445714786848   0.05055795773189   0.25943119934075
     1908.00000       0.05612302439282   0.23538440668032   0.24198267040274
     1910.00000       0.20885021192971  -0.07432970179084   0.22168291677845
     1912.00000      -0.09593948856826  -0.18541355368336   0.20876439197390
     1914.00000      -0.16877777962393   0.11107350406882   0.20204767308957
     1916.00000       0.11435369398322   0.14909439057202   0.18789865520447
     1918.00000       0.12249375247189  -0.11303441786167   0.16667783000739
     1920.00000      -0.11728353542192  -0.09109589112271   0.14850551861969
     1922.00000      -0.07047591269937   0.13533739427699   0.15258789126433
     1924.00000       0.16348301454133   0.07682232271674   0.18063323423755
     1926.00000       0.11870261235322  -0.18736275921193   0.22179971532666
     1928.00000      -0.19063926008621  -0.19052158068021   0.26952142807410
     1930.00000      -0.27396192401489   0.16075845141215   0.31764510937581
     1932.00000       0.09614136370033   0.34726503796445   0.36032786237899
     1934.00000       0.38932705841276  -0.00344547626502   0.38934230404494
     1936.00000       0.09977045793887  -0.38771890975872   0.40034996847986
     1938.00000      -0.33973428939381  -0.19501382824920   0.39172666567177
     1940.00000      -0.25782433165511   0.25221390954974   0.36067331778740
     1942.00000       0.14586780549256   0.27167294175384   0.30835629385566
     1944.00000       0.23029943240530  -0.04426424912596   0.23451471663179
     1946.00000       0.02383984814730  -0.14233404131367   0.14431672694587
     1948.00000      -0.03929821460904  -0.03943798155017   0.05567498594710
     1950.00000      -0.00246856900134  -0.04588189186136   0.04594825169353
     1952.00000      -0.07881906555045  -0.07263066780587   0.10718049729392
     1954.00000      -0.15221212602277   0.04751361544216   0.15945555794879
     1956.00000      -0.03758854848266   0.20448442735473   0.20791050961321
     1958.00000       0.20774101915958   0.14672952947179   0.25433420112222
     1960.00000       0.24392980162151  -0.16287954599744   0.29331125894421
     1962.00000      -0.08616995514104  -0.30393974349165   0.31591870606658
     1964.00000      -0.32047929030800   0.00393283725999   0.32050342076994
     1966.00000      -0.06700487056197   0.30060668041952   0.30798381287312
     1968.00000       0.26111758154528   0.11796709833376   0.28652858091531
     1970.00000       0.15193965582254  -0.21392504806288   0.26239204484926
     1972.00000      -0.16450123732687  -0.17391610786964   0.23938978603649
     1974.00000      -0.18367197987786   0.11425490030673   0.21630898833926
     1976.00000       0.06375186157446   0.18008151958994   0.19103312160992
     1978.00000       0.16177127180621  -0.01594781807824   0.16255545910013
     1980.00000       0.02781535444906  -0.12845054997800   0.13142769012950
     1982.00000      -0.08222819554087  -0.06021081307305   0.10191574045664
     1984.00000      -0.07801191240209   0.02628519309229   0.08232113855220
     1986.00000      -0.03693997732531   0.07235306459181   0.08123747830048
     1988.00000       0.03668999925091   0.09877199557433   0.10536632837281
     1990.00000       0.14449403930134   0.03042497921159   0.14766247578055
     1992.00000       0.11919287778750  -0.15766653427496   0.19765039373992
     1994.00000      -0.12763064545888  -0.20537326279684   0.24180107264458
     1996.00000      -0.26324901912813   0.05835804998989   0.26963996007741
     1998.00000      -0.02736049455599   0.27096709959965   0.27234493886943
     2000.00000       0.23049748402827   0.10088095680610   0.25160695059850
