-0.000000
0.005270
0.006377
0.001107
0.003612
0.005890
0.003180
0.003068
0.004572
0.004244
0.003685
0.003937
0.004192
0.004166
0.004133
0.004197
0.004288
0.004369
0.004447
0.004536
0.004641
0.004762
0.004899
0.005054
0.005229
0.005427
0.005651
0.005905
0.006196
0.006535
0.006942
0.007447
0.008099
0.008965
0.010133
0.011707
0.013803
0.016538
0.020028
0.024403
0.029829
0.036540
0.044855
0.055173
0.067924
0.083497
0.102142
0.123898
0.148532
0.175509
0.203971
0.232734
0.260315
0.285020
0.305132
0.319190
0.326313
0.326489
0.320714
0.310906
0.299561
0.289238
0.281973
0.278832
0.279713
0.283490
0.288438
0.292817
0.295396
0.295773
0.294367
0.292140
0.290159
0.289185
0.289436
0.290594
0.292026
0.293088
0.293402
0.292971
0.292129
0.291349
0.291020
0.291285
0.292008
0.292866
0.293516
0.293757
0.293609
0.293286
0.293088
0.293264
0.293910
0.294944
0.296153
0.297292
0.298185
0.298795
0.299236
0.299750
0.300636
0.302190
0.304641
0.308120
0.312654
0.318189
0.324631
0.331865
0.339722
0.347935
0.356132
0.363866
0.370616
0.375777
0.378771
0.379174
0.376780
0.371660
0.364165
0.354798
0.344055
0.332271
0.319537
0.305784
0.290998
0.275459
0.259861
0.245211
0.232530
0.222539
0.215455
0.211028
0.208720
0.207921
0.208079
0.208737
0.209535
0.210215
0.210638
0.210776
0.210673
0.210390
0.209974
0.209445
0.208807
0.208049
0.207147
0.206065
0.204762
0.203196
0.201321
0.199087
0.196442
0.193333
0.189718
0.185573
0.180900
0.175734
0.170150
0.164265
0.158227
0.152216
0.146419
0.141020
0.136173
0.131982
0.128477
0.125583
0.123105
0.120730
0.118063
0.114713
0.110397
0.105048
0.098873
0.092347
0.086110
0.080817
0.076969
0.074794
0.074198
0.074826
0.076176
0.077750
0.079182
0.080290
0.081068
0.081615
0.082049
0.082445
0.082827
0.083199
0.083600
0.084139
0.084998
0.086383
0.088459
0.091287
0.094799
0.098820
0.103117
0.107475
0.111745
0.115869
0.119869
0.123806
0.127740
0.131710
0.135747
0.139923
0.144396
0.149451
0.155477
0.162894
0.172022
0.182946
0.195414
0.208805
0.222200
0.234541
0.244843
0.252409
0.256980
0.258779
0.258421
0.256737
0.254545
0.252471
0.250849
0.249712
0.248852
0.247936
0.246730
0.245367
0.244354
0.244092
0.244314
0.244378
0.244232
0.244332
0.244251
0.242708
0.239617
0.236319
0.233395
0.230552
0.228290
0.227229
0.226878
0.226512
0.225918
0.224955
0.223516
0.221843
0.220417
0.219660
0.219815
0.220898
0.222673
0.224691
0.226412
0.227393
0.227440
0.226504
0.224414
0.220990
0.216642
0.212109
0.207072
0.200849
0.194964
0.190504
0.185192
0.180030
0.178058
0.175767
0.172684
0.172659
0.172022
0.169591
0.169377
0.169356
0.168020
0.167999
0.168862
0.168701
0.167731
0.166172
0.163162
0.158220
0.151754
0.144428
0.136855
0.129682
0.123478
0.118480
0.114518
0.111173
0.108011
0.104754
0.101325
0.097806
0.094349
0.091106
0.088179
0.085616
0.083423
0.081605
0.080201
0.079295
0.078996
0.079391
0.080517
0.082361
0.084889
0.088071
0.091893
0.096338
0.101366
0.106904
0.112856
0.119138
0.125690
0.132472
0.139437
0.146492
0.153479
0.160179
0.166341
0.171722
0.176132
0.179467
0.181733
0.183052
0.183656
0.183852
0.183962
0.184260
0.184892
0.185845
0.186947
0.187923
0.188493
0.188469
0.187826
0.186713
0.185403
0.184206
0.183391
0.183144
0.183567
0.184643
0.186180
0.187832
0.189308
0.190698
0.192490
0.195046
0.198128
0.201289
0.204746
0.209126
0.214136
0.218597
0.222336
0.226530
0.231514
0.236453
0.241486
0.247302
0.253473
0.259614
0.265452
0.269894
0.272772
0.274633
0.275102
0.274234
0.273196
0.272882
0.273582
0.275520
0.278755
0.282904
0.287318
0.291427
0.294887
0.297559
0.299607
0.301566
0.303838
0.305990
0.307277
0.307530
0.306266
0.302209
0.295335
0.287078
0.278106
0.268886
0.260798
0.254286
0.248999
0.244778
0.240445
0.235366
0.230062
0.223911
0.216826
0.210388
0.205288
0.201379
0.199170
0.198950
0.199826
0.200499
0.200276
0.198931
0.196038
0.191527
0.186645
0.182479
0.178626
0.175373
0.173628
0.172465
0.171074
0.169860
0.168694
0.167639
0.167025
0.166762
0.166972
0.167305
0.166606
0.164319
0.160594
0.155311
0.148543
0.141172
0.134130
0.127834
0.122526
0.118494
0.115886
0.114619
0.114489
0.115288
0.116832
0.118939
0.121369
0.123768
0.125656
0.126482
0.125743
0.123138
0.118687
0.112782
0.106124
0.099559
0.093870
0.089593
0.086929
0.085746
0.085672
0.086227
0.086947
0.087466
0.087536
0.087030
0.085954
0.084474
0.082870
0.081420
0.080311
0.079734
0.080020
0.081463
0.083799
0.086061
0.087397
0.087928
0.088207
0.087973
0.086686
0.085409
0.086249
0.089411
0.093339
0.098203
0.105509
0.114082
0.121462
0.128557
0.137128
0.145613
0.152821
0.160379
0.168365
0.174721
0.179323
0.183540
0.187009
0.188599
0.189081
0.190070
0.191753
0.193329
0.194483
0.195418
0.196292
0.197189
0.198051
0.198450
0.198143
0.197785
0.197950
0.198100
0.198403
0.200329
0.203060
0.204845
0.207744
0.212354
0.215684
0.218979
0.223950
0.227870
0.230459
0.233309
0.234951
0.233924
0.231128
0.227442
0.222908
0.218067
0.213937
0.210925
0.208791
0.207289
0.206296
0.205502
0.204388
0.202764
0.201188
0.200538
0.201434
0.204326
0.209371
0.215941
0.222797
0.228779
0.233113
0.235506
0.236269
0.236123
0.235903
0.236435
0.238188
0.240892
0.243955
0.246967
0.249479
0.251084
0.251913
0.252519
0.253223
0.253878
0.254226
0.254088
0.253059
0.250551
0.246626
0.241931
0.236402
0.229556
0.222046
0.214808
0.207498
0.200384
0.195158
0.191905
0.189992
0.190166
0.191956
0.193903
0.195878
0.197848
0.199319
0.200493
0.201913
0.203637
0.205449
0.207211
0.208751
0.209757
0.209820
0.208490
0.205600
0.201761
0.198290
0.196221
0.195456
0.195264
0.195464
0.196436
0.197834
0.198265
0.196807
0.194006
0.190745
0.187289
0.184171
0.182536
0.182713
0.183997
0.186070
0.188413
0.189175
0.187618
0.184944
0.181004
0.175302
0.169294
0.163942
0.159191
0.155592
0.153743
0.153512
0.154573
0.156732
0.159704
0.163213
0.167029
0.170494
0.172693
0.173683
0.174467
0.175020
0.174361
0.173461
0.174392
0.176109
0.176896
0.178691
0.181423
0.181811
0.181412
0.181523
0.178954
0.174859
0.171556
0.167698
0.163321
0.159493
0.156813
0.155723
0.155531
0.155767
0.157130
0.159716
0.162527
0.164963
0.167164
0.169083
0.170653
0.172686
0.175975
0.180164
0.185205
0.191630
0.198229
0.203341
0.207048
0.209118
0.208974
0.207278
0.204748
0.202016
0.199525
0.197253
0.195827
0.195202
0.194481
0.194090
0.194515
0.195044
0.195329
0.195517
0.195214
0.194031
0.192264
0.190411
0.188795
0.187738
0.187374
0.187553
0.188334
0.189760
0.191355
0.192944
0.194804
0.197019
0.199767
0.202863
0.205761
0.208409
0.210356
0.210989
0.210541
0.208955
0.205938
0.201963
0.197564
0.193196
0.189703
0.187621
0.186782
0.186868
0.187665
0.188851
0.189982
0.190833
0.191757
0.193419
0.195828
0.198449
0.201618
0.206005
0.210783
0.214500
0.216862
0.218299
0.219085
0.219080
0.217743
0.215533
0.213553
0.211128
0.207418
0.203503
0.199896
0.195698
0.190748
0.185455
0.179810
0.174254
0.169881
0.167013
0.165372
0.165478
0.167874
0.171957
0.176304
0.179738
0.182022
0.183532
0.184453
0.184637
0.184187
0.183672
0.183506
0.183427
0.183005
0.182598
0.183094
0.184534
0.186088
0.187321
0.188322
0.189264
0.189390
0.187421
0.185045
0.183702
0.180935
0.177466
0.176384
0.176199
0.174977
0.174005
0.174279
0.174986
0.175496
0.176349
0.178140
0.180414
0.182144
0.182985
0.183064
0.181766
0.178660
0.174910
0.171099
0.166446
0.161959
0.158710
0.155548
0.153155
0.152652
0.153021
0.154249
0.155923
0.157443
0.159419
0.160725
0.161114
0.162153
0.163484
0.164647
0.166282
0.168216
0.170087
0.172077
0.174191
0.176258
0.178218
0.180018
0.181651
0.183041
0.183828
0.184159
0.184994
0.186547
0.188333
0.190766
0.193908
0.196753
0.199169
0.201491
0.203651
0.206037
0.208939
0.212225
0.215848
0.219327
0.221998
0.223840
0.224917
0.225023
0.224438
0.223880
0.223845
0.224543
0.225789
0.226886
0.227411
0.227652
0.227706
0.227390
0.226911
0.226080
0.224497
0.222494
0.219848
0.216650
0.214285
0.212620
0.211336
0.211958
0.214466
0.217242
0.219683
0.221683
0.222965
0.223153
0.221865
0.219303
0.216061
0.212435
0.208733
0.205500
0.203051
0.201734
0.202091
0.204128
0.207452
0.212017
0.217880
0.224065
0.228989
0.232693
0.236230
0.238838
0.238760
0.236220
0.233297
0.230322
0.225462
0.219582
0.215629
0.212702
0.208900
0.206490
0.206223
0.205742
0.205478
0.205797
0.205207
0.204041
0.202549
0.199961
0.197164
0.195349
0.193890
0.192658
0.192586
0.193217
0.193298
0.192626
0.191552
0.189882
0.187419
0.184622
0.181832
0.178872
0.175873
0.172916
0.169428
0.165689
0.162581
0.159465
0.156167
0.154236
0.153376
0.152366
0.151835
0.151484
0.150489
0.149706
0.148884
0.147277
0.146224
0.146362
0.146566
0.146680
0.147365
0.148295
0.148683
0.148691
0.149128
0.149972
0.150489
0.150812
0.151486
0.151916
0.151519
0.151184
0.151480
0.152021
0.153525
0.156270
0.159468
0.163830
0.168802
0.172931
0.177028
0.180370
0.181283
0.180616
0.178886
0.175328
0.170538
0.165783
0.161006
0.155952
0.151366
0.147789
0.144885
0.142544
0.141453
0.142204
0.144454
0.147595
0.151660
0.156433
0.160726
0.163613
0.165247
0.166091
0.166322
0.166291
0.166442
0.166715
0.166705
0.165660
0.163274
0.160562
0.158159
0.155597
0.153324
0.152887
0.154763
0.157871
0.161330
0.165411
0.170562
0.176173
0.181096
0.185294
0.189589
