0.448988
0.443718
0.442611
0.447880
0.445376
0.443098
0.445808
0.445920
0.444416
0.444744
0.445303
0.445051
0.444796
0.444822
0.444855
0.444791
0.444700
0.444619
0.444541
0.444452
0.444347
0.444226
0.444089
0.443934
0.443759
0.443561
0.443337
0.443083
0.442792
0.442453
0.442046
0.441540
0.440889
0.440023
0.438855
0.437281
0.435184
0.432450
0.428960
0.424585
0.419159
0.412448
0.404133
0.393815
0.381064
0.365491
0.346846
0.325090
0.300456
0.273479
0.245017
0.216254
0.188673
0.163968
0.143856
0.129798
0.122675
0.122499
0.128274
0.138082
0.149427
0.159750
0.167015
0.170156
0.169274
0.165498
0.160550
0.156171
0.153591
0.153214
0.154620
0.156847
0.158828
0.159803
0.159552
0.158393
0.156962
0.155900
0.155586
0.156017
0.156859
0.157639
0.157968
0.157703
0.156980
0.156122
0.155472
0.155230
0.155379
0.155702
0.155900
0.155724
0.155078
0.154044
0.152835
0.151696
0.150803
0.150193
0.149752
0.149238
0.148351
0.146797
0.144347
0.140868
0.136334
0.130799
0.124357
0.117123
0.109266
0.101053
0.092856
0.085122
0.078372
0.073211
0.070217
0.069814
0.072208
0.077328
0.084823
0.094190
0.104933
0.116717
0.129451
0.143203
0.157990
0.173529
0.189126
0.203777
0.216457
0.226449
0.233533
0.237960
0.240268
0.241067
0.240909
0.240251
0.239453
0.238773
0.238350
0.238212
0.238315
0.238597
0.239014
0.239543
0.240181
0.240939
0.241841
0.242923
0.244225
0.245792
0.247667
0.249901
0.252546
0.255655
0.259270
0.263415
0.268088
0.273254
0.278837
0.284723
0.290761
0.296772
0.302569
0.307968
0.312815
0.317006
0.320511
0.323405
0.325883
0.328258
0.330925
0.334274
0.338590
0.343940
0.350115
0.356641
0.362878
0.368171
0.372019
0.374194
0.374789
0.374162
0.372812
0.371238
0.369806
0.368698
0.367920
0.367373
0.366939
0.366543
0.366161
0.365788
0.365388
0.364849
0.363990
0.362604
0.360529
0.357701
0.354189
0.350168
0.345871
0.341513
0.337243
0.333118
0.329118
0.325182
0.321248
0.317278
0.313240
0.309065
0.304592
0.299537
0.293511
0.286094
0.276966
0.266042
0.253574
0.240183
0.226788
0.214447
0.204145
0.196579
0.192007
0.190209
0.190567
0.192251
0.194443
0.196516
0.198139
0.199275
0.200135
0.201052
0.202258
0.203621
0.204634
0.204896
0.204674
0.204610
0.204756
0.204656
0.204737
0.206280
0.209371
0.212669
0.215593
0.218435
0.220697
0.221758
0.222110
0.222476
0.223070
0.224033
0.225472
0.227145
0.228571
0.229328
0.229172
0.228090
0.226315
0.224297
0.222576
0.221595
0.221548
0.222484
0.224574
0.227998
0.232346
0.236879
0.241916
0.248139
0.254024
0.258484
0.263796
0.268958
0.270930
0.273221
0.276304
0.276328
0.276966
0.279397
0.279611
0.279631
0.280968
0.280989
0.280126
0.280287
0.281257
0.282815
0.285825
0.290768
0.297234
0.304560
0.312132
0.319306
0.325510
0.330508
0.334470
0.337815
0.340977
0.344234
0.347663
0.351182
0.354639
0.357882
0.360809
0.363372
0.365565
0.367383
0.368787
0.369693
0.369992
0.369597
0.368471
0.366626
0.364099
0.360917
0.357095
0.352650
0.347621
0.342084
0.336132
0.329850
0.323298
0.316515
0.309551
0.302496
0.295509
0.288809
0.282647
0.277266
0.272856
0.269521
0.267255
0.265936
0.265331
0.265136
0.265025
0.264728
0.264096
0.263143
0.262041
0.261065
0.260495
0.260519
0.261162
0.262275
0.263585
0.264781
0.265597
0.265843
0.265421
0.264345
0.262807
0.261156
0.259680
0.258290
0.256498
0.253941
0.250860
0.247699
0.244242
0.239862
0.234852
0.230391
0.226652
0.222458
0.217474
0.212534
0.207501
0.201686
0.195515
0.189373
0.183536
0.179094
0.176216
0.174355
0.173886
0.174754
0.175791
0.176106
0.175406
0.173468
0.170232
0.166084
0.161670
0.157561
0.154101
0.151429
0.149381
0.147422
0.145150
0.142998
0.141711
0.141458
0.142722
0.146778
0.153653
0.161910
0.170881
0.180102
0.188190
0.194702
0.199989
0.204210
0.208543
0.213622
0.218925
0.225077
0.232162
0.238600
0.243700
0.247609
0.249818
0.250038
0.249162
0.248489
0.248712
0.250057
0.252950
0.257461
0.262343
0.266509
0.270362
0.273615
0.275360
0.276522
0.277914
0.279128
0.280294
0.281348
0.281963
0.282226
0.282016
0.281683
0.282382
0.284669
0.288394
0.293677
0.300444
0.307816
0.314858
0.321154
0.326462
0.330494
0.333102
0.334369
0.334499
0.333700
0.332156
0.330048
0.327619
0.325220
0.323331
0.322506
0.323245
0.325850
0.330301
0.336205
0.342864
0.349428
0.355118
0.359394
0.362058
0.363242
0.363316
0.362761
0.362041
0.361522
0.361452
0.361958
0.363034
0.364514
0.366118
0.367568
0.368676
0.369254
0.368968
0.367524
0.365189
0.362927
0.361591
0.361059
0.360781
0.361015
0.362302
0.363579
0.362739
0.359577
0.355649
0.350785
0.343479
0.334906
0.327525
0.320431
0.311860
0.303375
0.296167
0.288608
0.280623
0.274267
0.269665
0.265448
0.261979
0.260388
0.259907
0.258918
0.257235
0.255659
0.254504
0.253570
0.252696
0.251799
0.250937
0.250538
0.250845
0.251202
0.251037
0.250888
0.250585
0.248659
0.245928
0.244143
0.241244
0.236634
0.233304
0.230009
0.225038
0.221118
0.218529
0.215678
0.214037
0.215064
0.217860
0.221545
0.226080
0.230921
0.235051
0.238063
0.240197
0.241699
0.242692
0.243486
0.244600
0.246224
0.247800
0.248450
0.247554
0.244662
0.239617
0.233047
0.226191
0.220209
0.215875
0.213482
0.212719
0.212865
0.213085
0.212553
0.210799
0.208096
0.205033
0.202021
0.199509
0.197904
0.197075
0.196469
0.195765
0.195110
0.194762
0.194900
0.195928
0.198437
0.202361
0.207057
0.212586
0.219432
0.226942
0.234180
0.241490
0.248604
0.253829
0.257083
0.258996
0.258822
0.257032
0.255084
0.253110
0.251140
0.249668
0.248495
0.247075
0.245351
0.243539
0.241776
0.240237
0.239230
0.239168
0.240498
0.243388
0.247226
0.250697
0.252767
0.253532
0.253724
0.253524
0.252552
0.251153
0.250723
0.252181
0.254982
0.258243
0.261698
0.264816
0.266452
0.266275
0.264991
0.262918
0.260575
0.259813
0.261370
0.264044
0.267984
0.273685
0.279694
0.285046
0.289797
0.293396
0.295245
0.295475
0.294415
0.292256
0.289284
0.285775
0.281959
0.278494
0.276295
0.275305
0.274521
0.273968
0.274627
0.275527
0.274596
0.272879
0.272092
0.270297
0.267564
0.267177
0.267576
0.267465
0.270033
0.274129
0.277432
0.281290
0.285667
0.289495
0.292175
0.293265
0.293456
0.293221
0.291858
0.289272
0.286461
0.284025
0.281824
0.279905
0.278335
0.276302
0.273012
0.268824
0.263783
0.257358
0.250759
0.245647
0.241940
0.239870
0.240013
0.241709
0.244240
0.246971
0.249463
0.251735
0.253160
0.253786
0.254507
0.254898
0.254472
0.253944
0.253658
0.253471
0.253774
0.254957
0.256724
0.258577
0.260193
0.261249
0.261614
0.261435
0.260654
0.259227
0.257632
0.256044
0.254183
0.251969
0.249220
0.246125
0.243227
0.240579
0.238632
0.237999
0.238447
0.240033
0.243050
0.247025
0.251424
0.255791
0.259285
0.261367
0.262205
0.262120
0.261323
0.260137
0.259006
0.258155
0.257231
0.255568
0.253159
0.250539
0.247370
0.242983
0.238205
0.234487
0.232126
0.230689
0.229903
0.229908
0.231245
0.233455
0.235435
0.237860
0.241569
0.245485
0.249092
0.253290
0.258240
0.263533
0.269178
0.274734
0.279107
0.281974
0.283616
0.283510
0.281113
0.277031
0.272684
0.269250
0.266966
0.265456
0.264535
0.264351
0.264801
0.265316
0.265481
0.265561
0.265983
0.266390
0.265894
0.264454
0.262900
0.261667
0.260666
0.259724
0.259597
0.261567
0.263943
0.265286
0.268053
0.271521
0.272604
0.272789
0.274011
0.274983
0.274709
0.274002
0.273492
0.272639
0.270848
0.268574
0.266844
0.266003
0.265924
0.267222
0.270328
0.274078
0.277888
0.282542
0.287029
0.290277
0.293440
0.295833
0.296336
0.295967
0.294739
0.293065
0.291545
0.289569
0.288263
0.287873
0.286835
0.285504
0.284341
0.282706
0.280772
0.278901
0.276911
0.274796
0.272730
0.270769
0.268970
0.267336
0.265947
0.265159
0.264829
0.263994
0.262441
0.260655
0.258222
0.255080
0.252235
0.249818
0.247497
0.245337
0.242951
0.240049
0.236763
0.233140
0.229661
0.226990
0.225148
0.224071
0.223964
0.224550
0.225108
0.225143
0.224445
0.223198
0.222102
0.221577
0.221336
0.221282
0.221598
0.222077
0.222908
0.224491
0.226494
0.229140
0.232338
0.234703
0.236368
0.237652
0.237030
0.234521
0.231746
0.229305
0.227305
0.226023
0.225835
0.227123
0.229685
0.232927
0.236553
0.240254
0.243487
0.245937
0.247253
0.246897
0.244860
0.241536
0.236971
0.231107
0.224923
0.219999
0.216295
0.212758
0.210149
0.210228
0.212768
0.215690
0.218666
0.223526
0.229406
0.233359
0.236286
0.240088
0.242498
0.242765
0.243245
0.243510
0.243191
0.243781
0.244946
0.246439
0.249027
0.251824
0.253638
0.255098
0.256330
0.256402
0.255770
0.255690
0.256362
0.257436
0.259106
0.261569
0.264366
0.267156
0.270116
0.273115
0.276072
0.279560
0.283299
0.286407
0.289523
0.292821
0.294752
0.295612
0.296622
0.297153
0.297504
0.298499
0.299282
0.300104
0.301711
0.302763
0.302626
0.302422
0.302308
0.301623
0.300693
0.300305
0.300297
0.299860
0.299015
0.298498
0.298176
0.297502
0.297072
0.297468
0.297804
0.297508
0.296966
0.295462
0.292718
0.289520
0.285158
0.280186
0.276057
0.271960
0.268618
0.267705
0.268371
0.270102
0.273660
0.278450
0.283204
0.287981
0.293036
0.297621
0.301199
0.304103
0.306444
0.307535
0.306784
0.304534
0.301392
0.297328
0.292555
0.288261
0.285374
0.283740
0.282897
0.282666
0.282697
0.282546
0.282273
0.282283
0.283327
0.285714
0.288425
0.290828
0.293391
0.295664
0.296100
0.294224
0.291117
0.287658
0.283577
0.278426
0.272815
0.267892
0.263694
0.259399
