0.00000000
0.00488133
0.00626147
0.00124632
0.00307480
0.00569921
0.00343546
0.00284887
0.00430277
0.00434410
0.00379361
0.00393095
0.00426202
0.00436523
0.00440347
0.00452186
0.00469707
0.00488684
0.00508822
0.00531409
0.00557419
0.00587424
0.00621967
0.00661757
0.00707718
0.00761010
0.00823090
0.00895809
0.00981587
0.01083665
0.01206458
0.01356015
0.01540560
0.01771039
0.02061600
0.02429934
0.02897516
0.03489967
0.04237833
0.05178075
0.06356175
0.07828195
0.09661538
0.11932950
0.14722693
0.18104740
0.22133777
0.26830415
0.32166118
0.38049356
0.44315015
0.50720230
0.56951083
0.62644803
0.67429981
0.70982585
0.73089114
0.73702330
0.72972378
0.71238867
0.68978134
0.66712674
0.64902773
0.63848910
0.63633589
0.64121360
0.65018352
0.65973133
0.66686499
0.66994589
0.66899489
0.66540897
0.66123980
0.65833752
0.65769090
0.65919122
0.66186035
0.66439460
0.66576374
0.66561124
0.66431301
0.66271307
0.66169029
0.66176518
0.66291387
0.66464550
0.66627735
0.66726287
0.66742284
0.66699174
0.66648298
0.66645362
0.66728002
0.66903434
0.67149686
0.67427995
0.67700112
0.67943626
0.68160475
0.68377154
0.68638136
0.68995743
0.69499854
0.70189957
0.71090734
0.72211009
0.73544560
0.75070268
0.76749798
0.78524225
0.80313113
0.82016408
0.83516921
0.84687363
0.85407731
0.85586687
0.85178118
0.84191750
0.82689887
0.80765055
0.78509022
0.75984091
0.73209972
0.70178676
0.66893281
0.63411169
0.59865869
0.56450823
0.53370291
0.50782261
0.48762378
0.47302896
0.46338207
0.45775768
0.45516269
0.45461769
0.45520654
0.45615872
0.45694043
0.45728553
0.45713822
0.45654880
0.45558647
0.45429855
0.45270194
0.45078244
0.44849439
0.44576599
0.44251127
0.43864130
0.43406730
0.42869809
0.42243975
0.41520381
0.40692311
0.39757073
0.38717737
0.37584518
0.36375677
0.35117756
0.33844821
0.32596389
0.31413859
0.30335542
0.29390686
0.28593228
0.27936283
0.27388788
0.26895925
0.26384817
0.25776118
0.25000486
0.24016751
0.22826917
0.21482699
0.20079965
0.18740780
0.17586954
0.16712267
0.16161668
0.15923867
0.15939453
0.16121400
0.16380581
0.16647467
0.16883174
0.17077677
0.17238428
0.17376299
0.17496190
0.17596537
0.17676931
0.17748630
0.17841069
0.17999517
0.18273575
0.18701056
0.19294342
0.20035404
0.20881726
0.21780486
0.22684828
0.23565561
0.24414249
0.25237938
0.26049706
0.26860936
0.27679993
0.28518468
0.29402011
0.30379812
0.31526472
0.32932383
0.34683012
0.36831914
0.39375341
0.42236842
0.45268129
0.48268235
0.51017944
0.53321831
0.55047471
0.56151306
0.56683702
0.56771366
0.56582176
0.56283325
0.56005638
0.55823306
0.55750642
0.55752234
0.55765348
0.55737048
0.55665383
0.55606161
0.55614347
0.55670502
0.55701600
0.55684446
0.55646284
0.55524882
0.55169735
0.54567440
0.53892184
0.53271082
0.52725588
0.52327925
0.52148659
0.52114608
0.52091366
0.51998519
0.51793608
0.51465271
0.51064613
0.50688920
0.50432104
0.50351736
0.50456681
0.50707071
0.51025521
0.51317960
0.51500616
0.51520917
0.51350340
0.50957429
0.50322231
0.49496491
0.48567640
0.47518778
0.46315816
0.45141966
0.44120427
0.43080766
0.42162654
0.41642473
0.41202329
0.40787706
0.40698126
0.40581954
0.40307993
0.40230036
0.40194986
0.40065520
0.40077279
0.40187490
0.40172275
0.39990612
0.39613871
0.38915332
0.37824361
0.36395873
0.34746868
0.33012481
0.31337153
0.29845243
0.28596921
0.27570129
0.26682197
0.25833323
0.24947136
0.23992688
0.22984904
0.21969909
0.21004851
0.20140226
0.19409352
0.18826587
0.18392805
0.18103746
0.17955983
0.17947814
0.18076759
0.18337983
0.18726493
0.19241886
0.19891415
0.20687797
0.21641949
0.22754500
0.24010947
0.25382986
0.26834841
0.28330795
0.29840012
0.31336874
0.32797748
0.34196879
0.35504093
0.36685802
0.37709113
0.38547758
0.39188094
0.39633573
0.39906476
0.40046096
0.40103168
0.40131127
0.40175727
0.40265406
0.40405070
0.40575450
0.40738898
0.40850619
0.40872544
0.40785889
0.40598426
0.40344099
0.40075431
0.39851939
0.39728116
0.39741942
0.39902657
0.40181289
0.40517733
0.40856740
0.41195064
0.41587803
0.42087979
0.42686178
0.43345936
0.44090303
0.44971821
0.45934134
0.46826058
0.47617312
0.48446813
0.49388677
0.50388510
0.51467703
0.52705293
0.54063792
0.55452384
0.56756886
0.57809455
0.58551189
0.59011224
0.59167899
0.59078936
0.58944016
0.58945760
0.59179610
0.59692878
0.60480259
0.61461882
0.62511832
0.63513377
0.64394299
0.65136470
0.65779298
0.66405297
0.67064452
0.67688329
0.68133174
0.68281561
0.67997015
0.67107780
0.65615336
0.63737029
0.61674731
0.59602933
0.57744695
0.56201217
0.54931699
0.53848483
0.52782572
0.51635434
0.50424090
0.49118092
0.47776223
0.46608895
0.45747127
0.45223470
0.45076718
0.45273069
0.45630260
0.45906807
0.45925045
0.45592852
0.44868913
0.43810007
0.42624547
0.41511934
0.40524525
0.39729634
0.39210071
0.38869800
0.38592364
0.38376097
0.38216262
0.38131566
0.38159503
0.38297255
0.38522363
0.38722639
0.38700228
0.38330910
0.37587770
0.36467872
0.35036570
0.33461165
0.31918327
0.30524085
0.29352842
0.28455487
0.27847259
0.27505245
0.27386149
0.27445551
0.27646530
0.27955962
0.28331034
0.28703728
0.28974927
0.29026177
0.28747792
0.28073665
0.27009483
0.25642298
0.24125223
0.22640722
0.21355237
0.20381290
0.19758510
0.19456069
0.19391482
0.19457142
0.19545789
0.19568556
0.19464296
0.19204392
0.18797604
0.18292298
0.17766939
0.17307075
0.16985307
0.16861555
0.16987655
0.17375394
0.17935974
0.18482796
0.18852511
0.19019121
0.19031038
0.18873386
0.18539460
0.18234083
0.18272991
0.18724935
0.19431987
0.20404056
0.21771267
0.23356893
0.24860839
0.26374225
0.28100362
0.29884480
0.31584009
0.33340322
0.35125340
0.36662694
0.37876136
0.38882966
0.39656972
0.40106137
0.40333184
0.40531682
0.40754709
0.40946698
0.41084393
0.41189693
0.41281052
0.41363040
0.41413407
0.41375882
0.41238451
0.41095631
0.41029010
0.41017545
0.41116810
0.41470249
0.41976781
0.42473101
0.43143155
0.44009368
0.44776943
0.45544870
0.46454154
0.47231405
0.47812313
0.48307699
0.48529494
0.48295001
0.47694853
0.46861484
0.45871461
0.44864362
0.44016928
0.43417654
0.43053744
0.42872081
0.42801366
0.42745017
0.42609193
0.42378054
0.42161118
0.42140316
0.42480037
0.43286286
0.44566882
0.46181702
0.47877713
0.49397683
0.50563974
0.51315933
0.51716691
0.51920423
0.52115257
0.52466849
0.53051404
0.53816822
0.54635711
0.55376023
0.55920073
0.56202892
0.56265650
0.56227410
0.56192567
0.56197371
0.56225340
0.56228021
0.56114020
0.55775152
0.55176782
0.54357775
0.53309055
0.51994635
0.50502485
0.48968557
0.47428304
0.45991734
0.44897492
0.44213098
0.43902120
0.44009254
0.44438037
0.44978676
0.45547976
0.46106853
0.46599422
0.47055130
0.47551342
0.48102832
0.48662106
0.49165164
0.49539379
0.49703768
0.49583900
0.49133479
0.48375237
0.47444861
0.46561814
0.45906469
0.45524014
0.45372904
0.45434040
0.45692930
0.46017376
0.46167726
0.45987384
0.45503950
0.44816129
0.44016184
0.43268276
0.42783355
0.42637122
0.42757241
0.43059495
0.43380533
0.43422103
0.43045187
0.42349931
0.41355924
0.40080738
0.38747184
0.37540370
0.36510493
0.35726803
0.35256568
0.35090619
0.35186087
0.35502648
0.35983144
0.36558234
0.37152501
0.37656705
0.37963681
0.38082794
0.38113527
0.38054086
0.37839712
0.37619050
0.37625808
0.37773582
0.37914329
0.38217158
0.38638062
0.38841491
0.38923141
0.38967622
0.38668460
0.38108041
0.37526959
0.36835514
0.36043015
0.35313865
0.34770062
0.34467570
0.34369833
0.34461412
0.34792293
0.35327476
0.35925214
0.36480170
0.36965775
0.37370286
0.37729456
0.38191501
0.38891089
0.39823492
0.40972985
0.42322917
0.43652933
0.44696624
0.45384677
0.45675113
0.45528984
0.45057642
0.44425312
0.43779969
0.43219083
0.42791832
0.42578402
0.42557085
0.42614615
0.42761166
0.43015763
0.43278404
0.43474179
0.43577151
0.43521082
0.43258406
0.42835633
0.42341911
0.41854657
0.41441323
0.41140985
0.40958877
0.40911034
0.41003386
0.41192207
0.41462113
0.41850483
0.42389925
0.43106361
0.43964244
0.44868692
0.45740968
0.46461222
0.46906818
0.47046615
0.46848959
0.46289033
0.45446862
0.44454121
0.43461855
0.42651090
0.42147115
0.41961510
0.42040254
0.42305458
0.42654832
0.42981622
0.43233335
0.43457268
0.43754514
0.44163794
0.44665818
0.45312210
0.46164374
0.47106937
0.47932041
0.48546922
0.48963122
0.49197730
0.49227610
0.49013133
0.48634381
0.48218206
0.47702609
0.47004017
0.46219538
0.45390591
0.44413743
0.43261828
0.41995961
0.40669044
0.39397780
0.38369840
0.37690117
0.37381635
0.37505829
0.38088908
0.39004821
0.40020321
0.40931308
0.41651095
0.42181491
0.42536865
0.42728076
0.42798969
0.42823782
0.42854654
0.42891981
0.42919408
0.42973139
0.43140804
0.43440548
0.43762048
0.43987276
0.44090287
0.44072990
0.43820432
0.43231170
0.42533878
0.41902897
0.41159295
0.40422405
0.40003767
0.39760506
0.39480889
0.39266981
0.39206390
0.39211798
0.39229597
0.39333630
0.39588713
0.39928569
0.40208191
0.40333099
0.40251839
0.39869427
0.39154096
0.38254324
0.37286779
0.36255920
0.35312354
0.34599632
0.34052565
0.33726756
0.33707490
0.33879762
0.34165140
0.34469628
0.34707788
0.34897738
0.34950685
0.34869591
0.34823831
0.34838809
0.34900651
0.35072056
0.35357012
0.35726412
0.36178314
0.36697537
0.37248568
0.37790832
0.38284829
0.38710574
0.39050500
0.39275514
0.39430248
0.39643329
0.39960109
0.40346678
0.40833147
0.41400578
0.41928304
0.42384364
0.42810239
0.43238745
0.43737364
0.44346753
0.45057878
0.45845146
0.46609623
0.47229507
0.47660198
0.47880887
0.47873540
0.47708133
0.47523797
0.47433048
0.47489311
0.47668821
0.47874889
0.48037949
0.48170435
0.48276596
0.48328882
0.48327796
0.48242842
0.48017918
0.47650795
0.47126653
0.46499941
0.45933765
0.45456190
0.45095922
0.45044160
0.45313418
0.45702857
0.46085646
0.46414397
0.46626867
0.46635930
0.46377116
0.45875768
0.45206524
0.44424987
0.43610558
0.42887922
0.42369721
0.42161981
0.42363577
0.42990347
0.43980499
0.45273245
0.46796105
0.48368689
0.49762909
0.50919592
0.51891383
0.52573190
0.52769011
0.52491821
0.51956155
0.51224292
0.50178141
0.48972221
0.47957448
0.47120564
0.46334825
0.45827593
0.45675171
0.45628413
0.45647741
0.45718597
0.45669613
0.45491402
0.45212840
0.44801352
0.44376201
0.44083381
0.43898633
0.43811869
0.43876318
0.44010934
0.44055918
0.43951660
0.43709071
0.43313430
0.42770297
0.42155497
0.41524316
0.40868568
0.40198639
0.39512114
0.38745677
0.37932780
0.37182068
0.36464487
0.35794379
0.35344438
0.35097251
0.34922146
0.34849579
0.34829466
0.34761199
0.34704713
0.34640536
0.34507930
0.34432272
0.34483784
0.34564769
0.34651606
0.34801685
0.34985478
0.35125990
0.35240178
0.35408276
0.35620133
0.35790480
0.35914566
0.36023020
0.36049344
0.35959547
0.35872032
0.35871955
0.35960150
0.36220677
0.36674183
0.37241390
0.37952498
0.38714559
0.39354045
0.39888847
0.40219231
0.40171356
0.39815035
0.39231014
0.38393129
0.37392007
0.36384033
0.35395357
0.34413233
0.33514985
0.32769625
0.32168810
0.31730002
0.31556642
0.31736621
0.32240884
0.32987310
0.33931211
0.34979343
0.35926055
0.36601210
0.36985806
0.37144133
0.37145881
0.37077567
0.37019383
0.36982261
0.36898161
0.36645348
0.36184000
0.35631645
0.35070744
0.34494785
0.34019902
0.33874128
0.34141560
0.34708825
0.35460119
0.36385285
0.37479095
0.38623005
0.39656989
0.40554439
0.41388923
