1.00000000
0.99511867
0.99373853
0.99875368
0.99692520
0.99430079
0.99656454
0.99715113
0.99569723
0.99565590
0.99620639
0.99606905
0.99573798
0.99563477
0.99559653
0.99547814
0.99530293
0.99511316
0.99491178
0.99468591
0.99442581
0.99412576
0.99378033
0.99338243
0.99292282
0.99238990
0.99176910
0.99104191
0.99018413
0.98916335
0.98793542
0.98643985
0.98459440
0.98228961
0.97938400
0.97570066
0.97102484
0.96510033
0.95762167
0.94821925
0.93643825
0.92171805
0.90338462
0.88067050
0.85277307
0.81895260
0.77866223
0.73169585
0.67833882
0.61950644
0.55684985
0.49279770
0.43048917
0.37355197
0.32570019
0.29017415
0.26910886
0.26297670
0.27027622
0.28761133
0.31021866
0.33287326
0.35097227
0.36151090
0.36366411
0.35878640
0.34981648
0.34026867
0.33313501
0.33005411
0.33100511
0.33459103
0.33876020
0.34166248
0.34230910
0.34080878
0.33813965
0.33560540
0.33423626
0.33438876
0.33568699
0.33728693
0.33830971
0.33823482
0.33708613
0.33535450
0.33372265
0.33273713
0.33257716
0.33300826
0.33351702
0.33354638
0.33271998
0.33096566
0.32850314
0.32572005
0.32299888
0.32056374
0.31839525
0.31622846
0.31361864
0.31004257
0.30500146
0.29810043
0.28909266
0.27788991
0.26455440
0.24929732
0.23250202
0.21475775
0.19686887
0.17983592
0.16483079
0.15312637
0.14592269
0.14413313
0.14821882
0.15808250
0.17310113
0.19234945
0.21490978
0.24015909
0.26790028
0.29821324
0.33106719
0.36588831
0.40134131
0.43549177
0.46629709
0.49217739
0.51237622
0.52697104
0.53661793
0.54224232
0.54483731
0.54538231
0.54479346
0.54384128
0.54305957
0.54271447
0.54286178
0.54345120
0.54441353
0.54570145
0.54729806
0.54921756
0.55150561
0.55423401
0.55748873
0.56135870
0.56593270
0.57130191
0.57756025
0.58479619
0.59307689
0.60242927
0.61282263
0.62415482
0.63624323
0.64882244
0.66155179
0.67403611
0.68586141
0.69664458
0.70609314
0.71406772
0.72063717
0.72611212
0.73104075
0.73615183
0.74223882
0.74999514
0.75983249
0.77173083
0.78517301
0.79920035
0.81259220
0.82413046
0.83287733
0.83838332
0.84076133
0.84060547
0.83878600
0.83619419
0.83352533
0.83116826
0.82922323
0.82761572
0.82623701
0.82503810
0.82403463
0.82323069
0.82251370
0.82158931
0.82000483
0.81726425
0.81298944
0.80705658
0.79964596
0.79118274
0.78219514
0.77315172
0.76434439
0.75585751
0.74762062
0.73950294
0.73139064
0.72320007
0.71481532
0.70597989
0.69620188
0.68473528
0.67067617
0.65316988
0.63168086
0.60624659
0.57763158
0.54731871
0.51731765
0.48982056
0.46678169
0.44952529
0.43848694
0.43316298
0.43228634
0.43417824
0.43716675
0.43994362
0.44176694
0.44249358
0.44247766
0.44234652
0.44262952
0.44334617
0.44393839
0.44385653
0.44329498
0.44298400
0.44315554
0.44353716
0.44475118
0.44830265
0.45432560
0.46107816
0.46728918
0.47274412
0.47672075
0.47851341
0.47885392
0.47908634
0.48001481
0.48206392
0.48534729
0.48935387
0.49311080
0.49567896
0.49648264
0.49543319
0.49292929
0.48974479
0.48682040
0.48499384
0.48479083
0.48649660
0.49042571
0.49677769
0.50503509
0.51432360
0.52481222
0.53684184
0.54858034
0.55879573
0.56919234
0.57837346
0.58357527
0.58797671
0.59212294
0.59301874
0.59418046
0.59692007
0.59769964
0.59805014
0.59934480
0.59922721
0.59812510
0.59827725
0.60009388
0.60386129
0.61084668
0.62175639
0.63604127
0.65253132
0.66987519
0.68662847
0.70154757
0.71403079
0.72429871
0.73317803
0.74166677
0.75052864
0.76007312
0.77015096
0.78030091
0.78995149
0.79859774
0.80590648
0.81173413
0.81607195
0.81896254
0.82044017
0.82052186
0.81923241
0.81662017
0.81273507
0.80758114
0.80108585
0.79312203
0.78358051
0.77245500
0.75989053
0.74617014
0.73165159
0.71669205
0.70159988
0.68663126
0.67202252
0.65803121
0.64495907
0.63314198
0.62290887
0.61452242
0.60811906
0.60366427
0.60093524
0.59953904
0.59896832
0.59868873
0.59824273
0.59734594
0.59594930
0.59424550
0.59261102
0.59149381
0.59127456
0.59214111
0.59401574
0.59655901
0.59924569
0.60148061
0.60271884
0.60258058
0.60097343
0.59818711
0.59482267
0.59143260
0.58804936
0.58412197
0.57912021
0.57313822
0.56654064
0.55909697
0.55028179
0.54065866
0.53173942
0.52382688
0.51553187
0.50611323
0.49611490
0.48532297
0.47294707
0.45936208
0.44547616
0.43243114
0.42190545
0.41448811
0.40988776
0.40832101
0.40921064
0.41055984
0.41054240
0.40820390
0.40307122
0.39519741
0.38538118
0.37488168
0.36486623
0.35605701
0.34863530
0.34220702
0.33594703
0.32935548
0.32311671
0.31866826
0.31718439
0.32002985
0.32892220
0.34384664
0.36262971
0.38325269
0.40397067
0.42255305
0.43798783
0.45068301
0.46151517
0.47217428
0.48364566
0.49575910
0.50881908
0.52223777
0.53391105
0.54252873
0.54776530
0.54923282
0.54726931
0.54369740
0.54093193
0.54074955
0.54407148
0.55131087
0.56189993
0.57375453
0.58488066
0.59475475
0.60270366
0.60789929
0.61130200
0.61407636
0.61623903
0.61783738
0.61868434
0.61840497
0.61702745
0.61477637
0.61277361
0.61299772
0.61669090
0.62412230
0.63532128
0.64963430
0.66538835
0.68081673
0.69475915
0.70647158
0.71544513
0.72152741
0.72494755
0.72613851
0.72554449
0.72353470
0.72044038
0.71668966
0.71296272
0.71025073
0.70973823
0.71252208
0.71926335
0.72990517
0.74357702
0.75874777
0.77359278
0.78644763
0.79618710
0.80241490
0.80543931
0.80608518
0.80542858
0.80454211
0.80431444
0.80535704
0.80795608
0.81202396
0.81707702
0.82233061
0.82692925
0.83014693
0.83138445
0.83012345
0.82624606
0.82064026
0.81517204
0.81147489
0.80980879
0.80968962
0.81126614
0.81460540
0.81765917
0.81727009
0.81275065
0.80568013
0.79595944
0.78228733
0.76643107
0.75139161
0.73625775
0.71899638
0.70115520
0.68415991
0.66659678
0.64874660
0.63337306
0.62123864
0.61117034
0.60343028
0.59893863
0.59666816
0.59468318
0.59245291
0.59053302
0.58915607
0.58810307
0.58718948
0.58636960
0.58586593
0.58624118
0.58761549
0.58904369
0.58970990
0.58982455
0.58883190
0.58529751
0.58023219
0.57526899
0.56856845
0.55990632
0.55223057
0.54455130
0.53545846
0.52768595
0.52187687
0.51692301
0.51470506
0.51704999
0.52305147
0.53138516
0.54128539
0.55135638
0.55983072
0.56582346
0.56946256
0.57127919
0.57198634
0.57254983
0.57390807
0.57621946
0.57838882
0.57859684
0.57519963
0.56713714
0.55433118
0.53818298
0.52122287
0.50602317
0.49436026
0.48684067
0.48283309
0.48079577
0.47884743
0.47533151
0.46948596
0.46183178
0.45364289
0.44623977
0.44079927
0.43797108
0.43734350
0.43772590
0.43807433
0.43802629
0.43774660
0.43771979
0.43885980
0.44224848
0.44823218
0.45642225
0.46690945
0.48005365
0.49497515
0.51031443
0.52571696
0.54008266
0.55102508
0.55786902
0.56097880
0.55990746
0.55561963
0.55021324
0.54452024
0.53893147
0.53400578
0.52944870
0.52448658
0.51897168
0.51337894
0.50834836
0.50460621
0.50296232
0.50416100
0.50866521
0.51624763
0.52555139
0.53438186
0.54093531
0.54475986
0.54627096
0.54565960
0.54307070
0.53982624
0.53832274
0.54012616
0.54496050
0.55183871
0.55983816
0.56731724
0.57216645
0.57362878
0.57242759
0.56940505
0.56619467
0.56577897
0.56954813
0.57650069
0.58644076
0.59919262
0.61252816
0.62459630
0.63489507
0.64273197
0.64743432
0.64909381
0.64813913
0.64497352
0.64016856
0.63441766
0.62847499
0.62343295
0.62036319
0.61917206
0.61886473
0.61945914
0.62160288
0.62380950
0.62374192
0.62226418
0.62085671
0.61782842
0.61361938
0.61158509
0.61076859
0.61032378
0.61331540
0.61891959
0.62473041
0.63164486
0.63956985
0.64686135
0.65229938
0.65532430
0.65630167
0.65538588
0.65207707
0.64672524
0.64074786
0.63519830
0.63034225
0.62629714
0.62270544
0.61808499
0.61108911
0.60176508
0.59027015
0.57677083
0.56347067
0.55303376
0.54615323
0.54324887
0.54471016
0.54942358
0.55574688
0.56220031
0.56780917
0.57208168
0.57421598
0.57442915
0.57385385
0.57238834
0.56984237
0.56721596
0.56525821
0.56422849
0.56478918
0.56741594
0.57164367
0.57658089
0.58145343
0.58558677
0.58859015
0.59041123
0.59088966
0.58996614
0.58807793
0.58537887
0.58149517
0.57610075
0.56893639
0.56035756
0.55131308
0.54259032
0.53538778
0.53093182
0.52953385
0.53151041
0.53710967
0.54553138
0.55545879
0.56538145
0.57348910
0.57852885
0.58038490
0.57959746
0.57694542
0.57345168
0.57018378
0.56766665
0.56542732
0.56245486
0.55836206
0.55334182
0.54687790
0.53835626
0.52893063
0.52067959
0.51453078
0.51036878
0.50802270
0.50772390
0.50986867
0.51365619
0.51781794
0.52297391
0.52995983
0.53780462
0.54609409
0.55586257
0.56738172
0.58004039
0.59330956
0.60602220
0.61630160
0.62309883
0.62618365
0.62494171
0.61911092
0.60995179
0.59979679
0.59068692
0.58348905
0.57818509
0.57463135
0.57271924
0.57201031
0.57176218
0.57145346
0.57108019
0.57080592
0.57026861
0.56859196
0.56559452
0.56237952
0.56012724
0.55909713
0.55927010
0.56179568
0.56768830
0.57466122
0.58097103
0.58840705
0.59577595
0.59996233
0.60239494
0.60519111
0.60733019
0.60793610
0.60788202
0.60770403
0.60666370
0.60411287
0.60071431
0.59791809
0.59666901
0.59748161
0.60130573
0.60845904
0.61745676
0.62713221
0.63744080
0.64687646
0.65400368
0.65947435
0.66273244
0.66292510
0.66120238
0.65834860
0.65530372
0.65292212
0.65102262
0.65049315
0.65130409
0.65176169
0.65161191
0.65099349
0.64927944
0.64642988
0.64273588
0.63821686
0.63302463
0.62751432
0.62209168
0.61715171
0.61289426
0.60949500
0.60724486
0.60569752
0.60356671
0.60039891
0.59653322
0.59166853
0.58599422
0.58071696
0.57615636
0.57189761
0.56761255
0.56262636
0.55653247
0.54942122
0.54154854
0.53390377
0.52770493
0.52339802
0.52119113
0.52126460
0.52291867
0.52476203
0.52566952
0.52510689
0.52331179
0.52125111
0.51962051
0.51829565
0.51723404
0.51671118
0.51672204
0.51757158
0.51982082
0.52349205
0.52873347
0.53500059
0.54066235
0.54543810
0.54904078
0.54955840
0.54686582
0.54297143
0.53914354
0.53585603
0.53373133
0.53364070
0.53622884
0.54124232
0.54793476
0.55575013
0.56389442
0.57112078
0.57630279
0.57838019
0.57636423
0.57009653
0.56019501
0.54726755
0.53203895
0.51631311
0.50237091
0.49080408
0.48108617
0.47426810
0.47230989
0.47508179
0.48043845
0.48775708
0.49821859
0.51027779
0.52042552
0.52879436
0.53665175
0.54172407
0.54324829
0.54371587
0.54352259
0.54281403
0.54330387
0.54508598
0.54787160
0.55198648
0.55623799
0.55916619
0.56101367
0.56188131
0.56123682
0.55989066
0.55944082
0.56048340
0.56290929
0.56686570
0.57229703
0.57844503
0.58475684
0.59131432
0.59801361
0.60487886
0.61254323
0.62067220
0.62817932
0.63535513
0.64205621
0.64655562
0.64902749
0.65077854
0.65150421
0.65170534
0.65238801
0.65295287
0.65359464
0.65492070
0.65567728
0.65516216
0.65435231
0.65348394
0.65198315
0.65014522
0.64874010
0.64759822
0.64591724
0.64379867
0.64209520
0.64085434
0.63976980
0.63950656
0.64040453
0.64127968
0.64128045
0.64039850
0.63779323
0.63325817
0.62758610
0.62047502
0.61285441
0.60645955
0.60111153
0.59780769
0.59828644
0.60184965
0.60768986
0.61606871
0.62607993
0.63615967
0.64604643
0.65586767
0.66485015
0.67230375
0.67831190
0.68269998
0.68443358
0.68263379
0.67759116
0.67012690
0.66068789
0.65020657
0.64073945
0.63398790
0.63014194
0.62855867
0.62854119
0.62922433
0.62980617
0.63017739
0.63101839
0.63354652
0.63816000
0.64368355
0.64929256
0.65505215
0.65980098
0.66125872
0.65858440
0.65291175
0.64539881
0.63614715
0.62520905
0.61376995
0.60343011
0.59445561
0.58611077
