-4.0000
0.0000
-3.9968
-3.9536
-3.9876
-3.7767
-3.9698
-3.4130
-3.9445
-4.1431
-3.9155
-3.7237
-3.8786
-3.3937
-3.8330
-3.7491
-3.7827
-3.6407
-3.7265
-3.3444
-3.6628
-3.2633
-3.5926
-3.2655
-3.5169
-3.1309
-3.4352
-2.9664
-3.3473
-2.8383
-3.2537
-2.7202
-3.1546
-2.5873
-3.0501
-2.4437
-2.9403
-2.2985
-2.8255
-2.1540
-2.7058
-2.0100
-2.5815
-1.8663
-2.4527
-1.7236
-2.3197
-1.5829
-2.1827
-1.4451
-2.0419
-1.3111
-1.8976
-1.1816
-1.7499
-1.0571
-1.5992
-0.9377
-1.4457
-0.8228
-1.2896
-0.7109
-1.1312
-0.5991
-0.9709
-0.4837
-0.8090
-0.3604
-0.6458
-0.2257
-0.4819
-0.0781
-0.3176
0.0810
-0.1533
0.2474
0.0107
0.4161
0.1742
0.5825
0.3368
0.7444
0.4983
0.9018
0.6580
1.0566
0.8154
1.2106
0.9695
1.3651
1.1195
1.5197
1.2647
1.6730
1.4046
1.8234
1.5391
1.9695
1.6685
2.1108
1.7935
2.2475
1.9155
2.3799
2.0378
2.5089
2.1655
2.6349
2.3069
2.7585
2.4706
2.8805
2.6588
3.0021
2.8606
3.1254
3.0541
3.2532
3.2197
3.3887
3.3497
3.5352
3.4466
3.6939
3.5176
3.8626
3.5704
4.0350
3.6125
4.2024
3.6513
4.3569
3.6935
4.4944
3.7447
4.6156
3.8063
4.7244
3.8745
4.8258
3.9414
4.9242
3.9984
5.0221
4.0398
5.1195
4.0641
5.2139
4.0736
5.3019
4.0725
5.3805
4.0657
5.4483
4.0573
5.5055
4.0488
5.5537
4.0391
5.5946
4.0249
5.6291
4.0025
5.6572
3.9691
5.6781
3.9243
5.6905
3.8694
5.6934
3.8073
5.6866
3.7408
5.6706
3.6720
5.6461
3.6014
5.6137
3.5276
5.5736
3.4485
5.5255
3.3620
5.4690
3.2671
5.4035
3.1639
5.3287
3.0538
5.2451
2.9388
5.1529
2.8211
5.0529
2.7025
4.9454
2.5838
4.8302
2.4652
4.7070
2.3463
4.5749
2.2263
4.4332
2.1047
4.2812
1.9814
4.1186
1.8565
3.9457
1.7306
3.7632
1.6045
3.5725
1.4796
3.3752
1.3570
3.1734
1.2375
2.9697
1.1211
2.7668
1.0072
2.5677
0.8946
2.3749
0.7805
2.1906
0.6631
2.0165
0.5434
1.8529
0.4262
1.6993
0.3187
1.5540
0.2269
1.4143
0.1525
1.2774
0.0934
1.1409
0.0444
1.0036
-0.0009
0.8658
-0.0486
0.7289
-0.1032
0.5947
-0.1660
0.4642
-0.2365
0.3372
-0.3131
0.2129
-0.3951
0.0907
-0.4825
-0.0282
-0.5768
-0.1406
-0.6793
-0.2424
-0.7908
-0.3298
-0.9111
-0.4012
-1.0390
-0.4565
-1.1729
-0.4971
-1.3108
-0.5245
-1.4505
-0.5404
-1.5898
-0.5461
-1.7267
-0.5431
-1.8596
-0.5322
-1.9874
-0.5143
-2.1096
-0.4897
-2.2256
-0.4586
-2.3349
-0.4211
-2.4370
-0.3777
-2.5312
-0.3284
-2.6164
-0.2738
-2.6918
-0.2142
-2.7561
-0.1501
-2.8084
-0.0822
-2.8473
-0.0111
-2.8720
0.0626
-2.8814
0.1380
-2.8750
0.2147
-2.8527
0.2921
-2.8151
0.3699
-2.7634
0.4481
-2.6996
0.5271
-2.6264
0.6078
-2.5470
0.6918
-2.4646
0.7815
-2.3827
0.8795
-2.3041
0.9887
-2.2310
1.1114
-2.1643
1.2491
-2.1037
1.4017
-2.0471
1.5675
-1.9909
1.7430
-1.9302
1.9243
-1.8593
2.1072
-1.7736
2.2887
-1.6705
2.4676
-1.5509
2.6446
-1.4190
2.8230
-1.2817
3.0073
-1.1469
3.2022
-1.0210
3.4093
-0.9085
3.6247
-0.8104
3.8380
-0.7247
4.0353
-0.6474
4.2053
-0.5736
4.3433
-0.4987
4.4516
-0.4200
4.5371
-0.3370
4.6081
-0.2504
4.6718
-0.1619
4.7332
-0.0728
4.7939
0.0167
4.8528
0.1072
4.9070
0.1993
4.9524
0.2931
4.9848
0.3875
5.0008
0.4805
4.9979
0.5699
4.9752
0.6539
4.9335
0.7319
4.8757
0.8049
4.8056
0.8747
4.7275
0.9434
4.6450
1.0124
4.5617
1.0822
4.4800
1.1523
4.4021
1.2215
4.3290
1.2891
4.2606
1.3548
4.1951
1.4193
4.1291
1.4840
4.0584
1.5499
3.9787
1.6172
3.8874
1.6849
3.7840
1.7511
3.6715
1.8128
3.5559
1.8673
3.4446
1.9123
3.3445
1.9467
3.2599
1.9710
3.1920
1.9874
3.1395
1.9994
3.0996
2.0112
3.0694
2.0259
3.0466
2.0439
3.0304
2.0620
3.0209
2.0747
3.0194
2.0762
3.0270
2.0624
3.0442
2.0327
3.0698
1.9895
3.1005
1.9379
3.1318
1.8829
3.1601
1.8274
3.1843
1.7708
3.2061
1.7116
3.2270
1.6492
3.2461
1.5823
3.2628
1.5051
3.2821
1.4117
3.3108
1.3070
3.3462
1.2051
3.3762
1.1119
3.3991
1.0196
3.4280
0.9255
3.4676
0.8360
3.5061
0.7471
3.5406
0.6470
3.5801
0.5348
3.6210
0.4169
3.6521
0.2953
3.6747
0.1729
3.6940
0.0571
3.7089
-0.0473
3.7186
-0.1410
3.7254
-0.2275
3.7293
-0.3120
3.7278
-0.4003
3.7190
-0.4973
3.7024
-0.6052
3.6788
-0.7225
3.6494
-0.8448
3.6163
-0.9654
3.5814
-1.0767
3.5454
-1.1715
3.5071
-1.2442
3.4648
-1.2937
3.4205
-1.3225
3.3785
-1.3343
3.3366
-1.3315
3.2884
-1.3213
3.2420
-1.3133
3.2111
-1.3069
3.1781
-1.3009
3.1291
-1.3077
3.0975
-1.3251
3.0680
-1.3400
2.9942
-1.3651
2.9273
-1.3995
2.8725
-1.4242
2.7718
-1.4511
2.6793
-1.4821
2.6118
-1.5016
2.5105
-1.5187
2.4047
-1.5392
2.3170
-1.5541
2.2116
-1.5652
2.0964
-1.5763
1.9978
-1.5819
1.9108
-1.5775
1.8300
-1.5625
1.7645
-1.5366
1.7180
-1.4999
1.6844
-1.4556
1.6574
-1.4086
1.6328
-1.3637
1.6067
-1.3241
1.5752
-1.2916
1.5376
-1.2658
1.4976
-1.2447
1.4601
-1.2251
1.4276
-1.2037
1.3991
-1.1783
1.3706
-1.1483
1.3379
-1.1152
1.2990
-1.0815
1.2558
-1.0502
1.2143
-1.0238
1.1823
-1.0037
1.1665
-0.9897
1.1696
-0.9806
1.1883
-0.9743
1.2142
-0.9689
1.2380
-0.9628
1.2525
-0.9556
1.2564
-0.9479
1.2537
-0.9413
1.2513
-0.9375
1.2556
-0.9380
1.2700
-0.9434
1.2941
-0.9539
1.3252
-0.9687
1.3607
-0.9875
1.3996
-1.0100
1.4429
-1.0367
1.4932
-1.0684
1.5529
-1.1056
1.6235
-1.1481
1.7042
-1.1944
1.7930
-1.2418
1.8866
-1.2863
1.9817
-1.3236
2.0755
-1.3499
2.1663
-1.3623
2.2535
-1.3597
2.3370
-1.3431
2.4179
-1.3153
2.4974
-1.2805
2.5776
-1.2437
2.6605
-1.2091
2.7478
-1.1797
2.8406
-1.1563
2.9391
-1.1377
3.0427
-1.1207
3.1499
-1.1012
3.2596
-1.0756
3.3706
-1.0420
3.4822
-1.0003
3.5939
-0.9529
3.7052
-0.9033
3.8150
-0.8550
3.9212
-0.8107
4.0203
-0.7708
4.1080
-0.7344
4.1805
-0.6992
4.2377
-0.6635
4.2839
-0.6265
4.3252
-0.5886
4.3618
-0.5496
4.3873
-0.5106
4.3970
-0.4749
4.3969
-0.4462
4.3964
-0.4236
4.3914
-0.4015
4.3696
-0.3766
4.3340
-0.3512
4.3034
-0.3251
4.2800
-0.2930
4.2442
-0.2561
4.1919
-0.2255
4.1403
-0.2068
4.0927
-0.1983
4.0406
-0.2004
3.9874
-0.2079
3.9354
-0.2087
3.8832
-0.1938
3.8362
-0.1503
3.7891
-0.0692
3.7336
0.0383
3.6775
0.1535
3.6285
0.2617
3.5833
0.3478
3.5423
0.3995
3.5100
0.4157
3.4851
0.4060
3.4612
0.3850
3.4322
0.3692
3.3943
0.3721
3.3461
0.3992
3.2890
0.4447
3.2280
0.4945
3.1688
0.5365
3.1143
0.5641
3.0654
0.5744
3.0256
0.5729
2.9968
0.5804
2.9728
0.6149
2.9496
0.6710
2.9341
0.7379
2.9295
0.8090
2.9302
0.8643
2.9405
0.8855
2.9691
0.8747
3.0116
0.8366
3.0641
0.7784
3.1241
0.7153
3.1825
0.6566
3.2384
0.6119
3.2870
0.5897
3.3183
0.5801
3.3414
0.5707
3.3647
0.5576
3.3804
0.5316
3.3903
0.4848
3.4019
0.4201
3.4082
0.3457
3.4005
0.2678
3.3824
0.1928
3.3626
0.1292
3.3443
0.0827
3.3282
0.0509
3.3208
0.0267
3.3274
0.0064
3.3377
-0.0138
3.3417
-0.0432
3.3479
-0.0836
3.3538
-0.1287
3.3424
-0.1788
3.3218
-0.2329
3.3007
-0.2851
3.2699
-0.3344
3.2282
-0.3817
3.1753
-0.4280
3.1097
-0.4760
3.0362
-0.5245
2.9560
-0.5714
2.8758
-0.6144
2.8101
-0.6472
2.7598
-0.6631
2.7158
-0.6620
2.6770
-0.6485
2.6436
-0.6290
2.6099
-0.6118
2.5747
-0.6054
2.5455
-0.6145
2.5291
-0.6389
2.5225
-0.6742
2.5156
-0.7147
2.4952
-0.7545
2.4502
-0.7896
2.3757
-0.8194
2.2755
-0.8463
2.1609
-0.8737
2.0476
-0.9045
1.9499
-0.9387
1.8774
-0.9729
1.8321
-1.0012
1.8101
-1.0177
1.8037
-1.0194
1.8052
-1.0077
1.8085
-0.9882
1.8110
-0.9685
1.8140
-0.9556
1.8216
-0.9537
1.8376
-0.9639
1.8625
-0.9840
1.8918
-1.0097
1.9186
-1.0361
1.9375
-1.0592
1.9476
-1.0763
1.9520
-1.0866
1.9570
-1.0904
1.9687
-1.0887
1.9905
-1.0828
2.0207
-1.0742
2.0533
-1.0652
2.0832
-1.0589
2.1118
-1.0587
2.1438
-1.0668
2.1787
-1.0829
2.2114
-1.1050
2.2461
-1.1296
2.3003
-1.1519
2.3816
-1.1650
2.4674
-1.1634
2.5277
-1.1478
2.5698
-1.1245
2.6228
-1.0990
2.6690
-1.0735
2.6528
-1.0536
2.5872
-1.0472
2.5423
-1.0543
2.5145
-1.0673
2.4521
-1.0857
2.3868
-1.1136
2.3738
-1.1462
2.3765
-1.1771
2.3494
-1.2124
2.3305
-1.2565
2.3436
-1.3023
2.3526
-1.3454
2.3528
-1.3869
2.3758
-1.4207
2.4178
-1.4369
2.4523
-1.4348
2.4834
-1.4194
2.5293
-1.3935
2.5844
-1.3595
2.6334
-1.3232
2.6796
-1.2896
2.7353
-1.2587
2.8027
-1.2279
2.8755
-1.1940
2.9470
-1.1536
3.0119
-1.1039
3.0683
-1.0459
3.1229
-0.9826
3.1809
-0.9160
3.2355
-0.8496
3.2830
-0.7919
3.3374
-0.7466
3.3982
-0.7072
3.4414
-0.6744
3.4778
-0.6515
3.5275
-0.6217
3.5496
-0.5766
3.5325
-0.5303
3.5240
-0.4778
3.5083
-0.4135
3.4679
-0.3580
3.4502
-0.3139
3.4609
-0.2670
3.4742
-0.2187
3.5056
-0.1681
3.5675
-0.1028
3.6398
-0.0200
3.7081
0.0703
3.7767
0.1569
3.8469
0.2313
3.9145
0.2857
3.9827
0.3169
4.0574
0.3303
4.1355
0.3388
4.2059
0.3558
4.2586
0.3897
4.2907
0.4411
4.3020
0.5044
4.2899
0.5678
4.2536
0.6170
4.2004
0.6414
4.1380
0.6392
4.0701
0.6165
4.0002
0.5858
3.9316
0.5648
3.8629
0.5694
3.7903
0.6048
3.7133
0.6625
3.6349
0.7245
3.5615
0.7719
3.4991
0.7935
3.4495
0.7878
3.4099
0.7604
3.3775
0.7225
3.3481
0.6876
3.3166
0.6635
3.2828
0.6489
3.2509
0.6397
3.2224
0.6314
3.1951
0.6202
3.1673
0.6030
3.1397
0.5808
3.1127
0.5573
3.0854
0.5338
3.0611
0.5071
3.0474
0.4759
3.0474
0.4439
3.0572
0.4102
3.0791
0.3722
3.1190
0.3372
3.1677
0.3134
3.2100
0.2958
3.2476
0.2802
3.2773
0.2693
3.2783
0.2540
3.2548
0.2228
3.2234
0.1783
3.1781
0.1199
3.1264
0.0450
3.0854
-0.0383
3.0501
-0.1225
3.0140
-0.2070
2.9807
-0.2915
2.9480
-0.3765
2.9114
-0.4656
2.8742
-0.5613
2.8420
-0.6600
2.8156
-0.7530
2.7916
-0.8293
2.7654
-0.8798
2.7342
-0.9018
2.6991
-0.9014
2.6637
-0.8895
2.6285
-0.8779
2.5896
-0.8763
2.5451
-0.8924
2.5019
-0.9287
2.4673
-0.9792
2.4358
-1.0317
2.3939
-1.0751
2.3387
-1.1042
2.2824
-1.1175
2.2346
-1.1165
2.1945
-1.1087
2.1631
-1.1064
2.1491
-1.1182
2.1523
-1.1452
2.1596
-1.1862
2.1636
-1.2373
2.1637
-1.2870
2.1509
-1.3222
2.1209
-1.3373
2.0907
-1.3283
2.0658
-1.2916
2.0322
-1.2362
1.9974
-1.1759
1.9774
-1.1168
1.9629
-1.0648
1.9496
-1.0273
1.9473
-1.0060
1.9563
-1.0001
1.9714
-1.0099
1.9943
-1.0343
2.0264
-1.0704
2.0645
-1.1149
2.1059
-1.1632
2.1476
-1.2095
2.1856
-1.2490
2.2222
-1.2797
2.2649
-1.3000
2.3118
-1.3088
2.3520
-1.3104
2.3933
-1.3143
2.4577
-1.3235
2.5363
-1.3349
2.5993
-1.3523
2.6607
-1.3789
2.7407
-1.4022
2.7997
-1.4149
2.8308
-1.4229
2.8804
-1.4158
2.9223
-1.3861
2.9354
-1.3462
2.9734
-1.2951
3.0252
-1.2289
3.0564
-1.1585
3.0943
-1.0890
3.1463
-1.0216
3.1954
-0.9600
3.2336
-0.9068
3.2592
-0.8662
3.2845
-0.8389
3.3135
-0.8204
3.3307
-0.8061
3.3323
-0.7931
3.3297
-0.7768
3.3269
-0.7522
3.3184
-0.7199
3.3069
-0.6854
3.2974
-0.6536
3.2822
-0.6299
3.2571
-0.6235
3.2371
-0.6370
3.2263
-0.6629
3.2138
-0.6957
3.2108
-0.7278
3.2302
-0.7427
3.2574
-0.7309
3.2866
-0.6944
3.3240
-0.6366
3.3639
-0.5657
3.4004
-0.4906
3.4307
-0.4185
3.4546
-0.3546
3.4747
-0.2962
3.4808
-0.2426
3.4741
-0.1973
3.4699
-0.1567
3.4624
-0.1165
3.4448
-0.0792
3.4290
-0.0438
3.4193
-0.0053
3.4111
0.0378
3.4070
0.0861
3.4094
0.1420
3.4109
0.2059
3.4031
0.2743
3.3840
0.3427
3.3545
0.4058
3.3197
0.4579
3.2879
0.4977
3.2611
0.5264
3.2376
0.5443
3.2205
0.5536
3.2074
0.5589
3.1897
0.5620
3.1630
0.5645
3.1244
0.5651
3.0785
0.5614
3.0346
0.5565
2.9928
0.5539
2.9553
0.5568
2.9242
0.5737
2.8911
0.6063
2.8546
0.6483
2.8215
0.6934
2.7939
0.7325
2.7755
0.7567
2.7717
0.7630
2.7797
0.7519
2.7943
0.7248
2.8135
0.6870
2.8321
0.6469
2.8414
0.6118
2.8364
0.5846
2.8196
0.5631
2.7967
0.5434
2.7711
0.5198
2.7449
0.4826
2.7285
0.4220
2.7344
0.3403
2.7552
0.2500
2.7706
0.1592
2.7767
0.0727
2.7798
-0.0005
2.7771
-0.0544
2.7633
-0.0905
2.7405
-0.1171
2.7191
-0.1456
2.7135
-0.1782
2.7218
-0.2087
2.7306
-0.2393
2.7461
-0.2713
2.7760
-0.2950
2.8035
-0.3063
2.8208
-0.3105
2.8407
-0.3090
2.8667
-0.3011
2.8937
-0.2912
2.9235
-0.2835
2.9530
-0.2797
2.9692
-0.2857
2.9716
-0.3084
2.9696
-0.3475
2.9569
-0.3981
2.9223
-0.4548
2.8683
-0.5118
2.8067
-0.5621
2.7447
-0.5997
2.6811
-0.6221
2.6133
-0.6335
2.5459
-0.6408
2.4875
-0.6496
2.4415
-0.6609
2.4039
-0.6729
2.3687
-0.6841
2.3338
-0.6946
2.3007
-0.7052
2.2681
-0.7164
2.2306
-0.7301
2.1900
-0.7504
2.1592
-0.7774
2.1460
-0.8039
2.1427
-0.8192
2.1359
-0.8200
2.1291
-0.8104
2.1344
-0.7855
2.1291
-0.7462
2.1010
-0.7138
2.0913
-0.6925
2.0986
-0.6721
2.0875
-0.6603
2.0797
-0.6622
2.0979
-0.6675
2.1196
-0.6706
2.1301
-0.6754
2.1412
-0.6850
2.1615
-0.6975
2.1827
-0.7102
2.1956
-0.7216
2.2025
-0.7299
2.2114
-0.7298
2.2217
-0.7162
2.2295
-0.6906
2.2441
-0.6587
2.2759
-0.6216
2.3159
-0.5837
2.3622
-0.5548
2.4322
-0.5345
2.5145
-0.5192
2.5908
-0.5145
2.6760
-0.5167
2.7573
-0.5192
2.8114
-0.5243
2.8524
-0.5287
2.8811
-0.5304
2.9029
-0.5291
2.9259
-0.5196
2.9388
-0.5059
2.9579
-0.4906
2.9878
-0.4698
3.0043
-0.4480
3.0129
-0.4295
3.0233
-0.4134
3.0275
-0.4016
3.0286
-0.3963
3.0332
-0.3972
3.0408
-0.4037
3.0516
-0.4145
3.0658
-0.4261
3.0812
-0.4348
3.0953
-0.4369
3.1042
-0.4311
3.1081
-0.4219
3.1167
-0.4149
3.1345
-0.4125
3.1536
-0.4189
3.1757
-0.4369
3.2076
-0.4592
3.2351
-0.4766
3.2463
-0.4855
3.2479
-0.4823
3.2383
-0.4682
3.2162
-0.4528
3.1922
-0.4460
3.1735
-0.4564
3.1673
-0.4878
3.1776
-0.5342
3.1975
-0.5853
3.2217
-0.6296
3.2470
-0.6542
3.2638
-0.6544
3.2700
-0.6367
3.2747
-0.6119
3.2836
-0.5904
3.2967
-0.5812
3.3149
-0.5877
3.3373
-0.6076
3.3631
-0.6366
3.3952
-0.6678
3.4318
-0.6922
3.4620
-0.7052
3.4808
-0.7072
3.4912
-0.6980
3.4930
-0.6792
3.4905
-0.6538
3.4916
-0.6217
3.4961
-0.5868
3.5091
-0.5532
3.5307
-0.5198
3.5453
-0.4945
3.5596
-0.4845
3.5801
-0.4828
3.5811
-0.4866
3.5582
-0.4983
3.5328
-0.5121
3.5089
-0.5196
3.4811
-0.5166
3.4500
-0.5037
3.4235
-0.4850
3.4115
-0.4640
3.4154
-0.4436
3.4325
-0.4278
3.4637
-0.4183
3.5050
-0.4133
3.5432
-0.4119
3.5665
-0.4138
3.5635
-0.4187
3.5246
-0.4300
3.4541
-0.4532
3.3675
-0.4908
3.2747
-0.5407
3.1797
-0.6009
3.0941
-0.6698
3.0317
-0.7367
2.9841
-0.7859
2.9325
-0.8125
2.8812
-0.8223
2.8496
-0.8183
2.8389
-0.7971
2.8308
-0.7636
2.8244
-0.7332
2.8427
-0.7080
2.8778
-0.6780
2.8941
-0.6528
2.9021
-0.6480
2.9294
-0.6562
2.9512
-0.6755
2.9587
-0.7161
2.9835
-0.7676
3.0162
-0.8161
3.0411
-0.8572
3.0676
-0.8800
3.0840
-0.8804
3.0827
-0.8673
3.0768
-0.8476
3.0639
-0.8289
3.0403
-0.8239
3.0248
-0.8380
3.0254
-0.8655
3.0303
-0.9016
3.0404
-0.9419
3.0642
-0.9785
3.0975
-1.0056
3.1327
-1.0246
3.1734
-1.0395
3.2249
-1.0519
3.2827
-1.0624
3.3421
-1.0711
3.4040
-1.0738
3.4613
-1.0663
3.5073
-1.0502
3.5507
-1.0274
3.5901
-1.0000
3.6148
-0.9784
3.6454
-0.9712
3.6959
-0.9755
3.7396
-0.9916
3.7789
-1.0197
3.8310
-1.0485
3.8707
-1.0717
3.8925
-1.0886
3.9094
-1.0947
3.9041
-1.0931
3.8856
-1.0921
3.8776
-1.0915
3.8623
-1.0914
3.8298
-1.0945
3.7993
-1.0976
3.7684
-1.0943
3.7172
-1.0832
3.6476
-1.0667
3.5751
-1.0471
3.5017
-1.0257
3.4196
-1.0056
3.3363
-0.9903
3.2687
-0.9774
3.2126
-0.9614
3.1543
-0.9411
3.0995
-0.9171
3.0521
-0.8868
2.9943
-0.8522
2.9207
-0.8207
2.8449
-0.7939
2.7628
-0.7746
2.6786
-0.7681
2.6102
-0.7693
2.5459
-0.7756
2.4898
-0.7869
2.4553
-0.7903
2.4204
-0.7806
2.3851
-0.7596
2.3654
-0.7227
2.3478
-0.6714
2.3267
-0.6170
2.3200
-0.5657
2.3306
-0.5192
2.3499
-0.4819
2.3849
-0.4554
2.4417
-0.4347
2.5062
-0.4150
2.5624
-0.3961
2.6101
-0.3797
2.6499
-0.3665
2.6725
-0.3583
2.6730
-0.3598
2.6643
-0.3735
2.6595
-0.3951
2.6528
-0.4174
2.6382
-0.4360
2.6264
-0.4475
2.6256
-0.4485
2.6317
-0.4404
2.6420
-0.4300
2.6624
-0.4243
2.6975
-0.4270
2.7467
-0.4380
2.8089
-0.4532
2.8835
-0.4684
2.9743
-0.4780
3.0774
-0.4751
3.1702
-0.4613
3.2465
-0.4482
3.3270
-0.4437
3.4145
-0.4493
3.4850
-0.4667
3.5293
-0.4983
3.5631
-0.5409
3.5924
-0.5860
3.6019
-0.6262
3.5805
-0.6613
3.5435
-0.6964
3.5173
-0.7341
3.5079
-0.7730
3.5048
