#    Start: ------ Host: "srv-p22-13" ----------Fri Jun 30 15:40:11 2023

#    Time[fs]   CPU-time[s]     Delta-CPU    Real time        RealT[s]     [h]
#        0.00           0.2                  Jun 30 15:40:11         0     0.00
         1.00           0.2         0.010    Jun 30 15:40:11         0     0.00
         2.00           0.2         0.000    Jun 30 15:40:11         0     0.00
         3.00           0.2         0.010    Jun 30 15:40:11         0     0.00
         4.00           0.2         0.000    Jun 30 15:40:11         0     0.00
         5.00           0.2         0.000    Jun 30 15:40:11         0     0.00
         6.00           0.2         0.010    Jun 30 15:40:11         0     0.00
         7.00           0.2         0.000    Jun 30 15:40:11         0     0.00
         8.00           0.2         0.000    Jun 30 15:40:11         0     0.00
         9.00           0.2         0.010    Jun 30 15:40:11         0     0.00
        10.00           0.2         0.000    Jun 30 15:40:11         0     0.00
        11.00           0.2         0.000    Jun 30 15:40:11         0     0.00
        12.00           0.2         0.000    Jun 30 15:40:11         0     0.00
        13.00           0.3         0.010    Jun 30 15:40:12         1     0.00
        14.00           0.3         0.000    Jun 30 15:40:12         1     0.00
        15.00           0.3         0.000    Jun 30 15:40:12         1     0.00
        16.00           0.3         0.010    Jun 30 15:40:12         1     0.00
        17.00           0.3         0.000    Jun 30 15:40:12         1     0.00
        18.00           0.3         0.000    Jun 30 15:40:12         1     0.00
        19.00           0.3         0.010    Jun 30 15:40:12         1     0.00
        20.00           0.3         0.000    Jun 30 15:40:12         1     0.00
        21.00           0.3         0.000    Jun 30 15:40:12         1     0.00
        22.00           0.3         0.020    Jun 30 15:40:12         1     0.00
        23.00           0.3         0.000    Jun 30 15:40:12         1     0.00
        24.00           0.3         0.000    Jun 30 15:40:12         1     0.00
        25.00           0.3         0.010    Jun 30 15:40:12         1     0.00
        26.00           0.3         0.000    Jun 30 15:40:12         1     0.00
        27.00           0.3         0.000    Jun 30 15:40:12         1     0.00
        28.00           0.3         0.010    Jun 30 15:40:12         1     0.00
        29.00           0.3         0.000    Jun 30 15:40:12         1     0.00
        30.00           0.3         0.000    Jun 30 15:40:12         1     0.00
        31.00           0.3         0.010    Jun 30 15:40:12         1     0.00
        32.00           0.3         0.000    Jun 30 15:40:12         1     0.00
        33.00           0.3         0.010    Jun 30 15:40:12         1     0.00
        34.00           0.3         0.000    Jun 30 15:40:12         1     0.00
        35.00           0.3         0.010    Jun 30 15:40:12         1     0.00
        36.00           0.3         0.000    Jun 30 15:40:12         1     0.00
        37.00           0.3         0.000    Jun 30 15:40:12         1     0.00
        38.00           0.4         0.010    Jun 30 15:40:12         1     0.00
        39.00           0.4         0.010    Jun 30 15:40:12         1     0.00
        40.00           0.4         0.000    Jun 30 15:40:12         1     0.00
        41.00           0.4         0.010    Jun 30 15:40:12         1     0.00
        42.00           0.4         0.000    Jun 30 15:40:13         2     0.00
        43.00           0.4         0.000    Jun 30 15:40:13         2     0.00
        44.00           0.4         0.010    Jun 30 15:40:13         2     0.00
        45.00           0.4         0.000    Jun 30 15:40:13         2     0.00
        46.00           0.4         0.000    Jun 30 15:40:13         2     0.00
        47.00           0.4         0.010    Jun 30 15:40:13         2     0.00
        48.00           0.4         0.010    Jun 30 15:40:13         2     0.00
        49.00           0.4         0.000    Jun 30 15:40:13         2     0.00
        50.00           0.4         0.010    Jun 30 15:40:13         2     0.00
        51.00           0.4         0.000    Jun 30 15:40:13         2     0.00
        52.00           0.4         0.010    Jun 30 15:40:13         2     0.00
        53.00           0.4         0.010    Jun 30 15:40:13         2     0.00
        54.00           0.4         0.000    Jun 30 15:40:13         2     0.00
        55.00           0.5         0.020    Jun 30 15:40:13         2     0.00
        56.00           0.5         0.000    Jun 30 15:40:13         2     0.00
        57.00           0.5         0.020    Jun 30 15:40:13         2     0.00
        58.00           0.5         0.010    Jun 30 15:40:13         2     0.00
        59.00           0.5         0.000    Jun 30 15:40:13         2     0.00
        60.00           0.5         0.010    Jun 30 15:40:13         2     0.00
        61.00           0.5         0.000    Jun 30 15:40:13         2     0.00
        62.00           0.5         0.010    Jun 30 15:40:13         2     0.00
        63.00           0.5         0.000    Jun 30 15:40:13         2     0.00
        64.00           0.5         0.010    Jun 30 15:40:13         2     0.00
        65.00           0.5         0.000    Jun 30 15:40:13         2     0.00
        66.00           0.5         0.010    Jun 30 15:40:13         2     0.00
        67.00           0.5         0.000    Jun 30 15:40:13         2     0.00
        68.00           0.5         0.000    Jun 30 15:40:13         2     0.00
        69.00           0.5         0.010    Jun 30 15:40:14         3     0.00
        70.00           0.5         0.000    Jun 30 15:40:14         3     0.00
        71.00           0.5         0.000    Jun 30 15:40:14         3     0.00
        72.00           0.6         0.010    Jun 30 15:40:14         3     0.00
        73.00           0.6         0.000    Jun 30 15:40:14         3     0.00
        74.00           0.6         0.010    Jun 30 15:40:14         3     0.00
        75.00           0.6         0.000    Jun 30 15:40:14         3     0.00
        76.00           0.6         0.010    Jun 30 15:40:14         3     0.00
        77.00           0.6         0.000    Jun 30 15:40:14         3     0.00
        78.00           0.6         0.010    Jun 30 15:40:14         3     0.00
        79.00           0.6         0.000    Jun 30 15:40:14         3     0.00
        80.00           0.6         0.010    Jun 30 15:40:14         3     0.00
        81.00           0.6         0.010    Jun 30 15:40:14         3     0.00
        82.00           0.6         0.000    Jun 30 15:40:14         3     0.00
        83.00           0.6         0.010    Jun 30 15:40:14         3     0.00
        84.00           0.6         0.010    Jun 30 15:40:14         3     0.00
        85.00           0.6         0.010    Jun 30 15:40:14         3     0.00
        86.00           0.6         0.010    Jun 30 15:40:14         3     0.00
        87.00           0.6         0.010    Jun 30 15:40:14         3     0.00
        88.00           0.7         0.020    Jun 30 15:40:14         3     0.00
        89.00           0.7         0.010    Jun 30 15:40:14         3     0.00
        90.00           0.7         0.010    Jun 30 15:40:14         3     0.00
        91.00           0.7         0.010    Jun 30 15:40:14         3     0.00
        92.00           0.7         0.010    Jun 30 15:40:14         3     0.00
        93.00           0.7         0.010    Jun 30 15:40:14         3     0.00
        94.00           0.7         0.000    Jun 30 15:40:15         4     0.00
        95.00           0.7         0.010    Jun 30 15:40:15         4     0.00
        96.00           0.7         0.000    Jun 30 15:40:15         4     0.00
        97.00           0.7         0.000    Jun 30 15:40:15         4     0.00
        98.00           0.7         0.010    Jun 30 15:40:15         4     0.00
        99.00           0.7         0.000    Jun 30 15:40:15         4     0.00
       100.00           0.8         0.010    Jun 30 15:40:15         4     0.00
       101.00           0.8         0.000    Jun 30 15:40:15         4     0.00
       102.00           0.8         0.010    Jun 30 15:40:15         4     0.00
       103.00           0.8         0.000    Jun 30 15:40:15         4     0.00
       104.00           0.8         0.000    Jun 30 15:40:15         4     0.00
       105.00           0.8         0.010    Jun 30 15:40:15         4     0.00
       106.00           0.8         0.010    Jun 30 15:40:15         4     0.00
       107.00           0.8         0.000    Jun 30 15:40:15         4     0.00
       108.00           0.8         0.000    Jun 30 15:40:15         4     0.00
       109.00           0.8         0.010    Jun 30 15:40:15         4     0.00
       110.00           0.8         0.000    Jun 30 15:40:15         4     0.00
       111.00           0.8         0.010    Jun 30 15:40:15         4     0.00
       112.00           0.8         0.000    Jun 30 15:40:15         4     0.00
       113.00           0.8         0.010    Jun 30 15:40:15         4     0.00
       114.00           0.8         0.010    Jun 30 15:40:15         4     0.00
       115.00           0.8         0.000    Jun 30 15:40:15         4     0.00
       116.00           0.8         0.000    Jun 30 15:40:15         4     0.00
       117.00           0.8         0.010    Jun 30 15:40:15         4     0.00
       118.00           0.8         0.000    Jun 30 15:40:15         4     0.00
       119.00           0.8         0.010    Jun 30 15:40:15         4     0.00
       120.00           0.8         0.000    Jun 30 15:40:15         4     0.00
       121.00           0.8         0.010    Jun 30 15:40:15         4     0.00
       122.00           0.8         0.000    Jun 30 15:40:15         4     0.00
       123.00           0.9         0.010    Jun 30 15:40:15         4     0.00
       124.00           0.9         0.000    Jun 30 15:40:16         5     0.00
       125.00           0.9         0.000    Jun 30 15:40:16         5     0.00
       126.00           0.9         0.010    Jun 30 15:40:16         5     0.00
       127.00           0.9         0.010    Jun 30 15:40:16         5     0.00
       128.00           0.9         0.010    Jun 30 15:40:16         5     0.00
       129.00           0.9         0.010    Jun 30 15:40:16         5     0.00
       130.00           0.9         0.010    Jun 30 15:40:16         5     0.00
       131.00           0.9         0.010    Jun 30 15:40:16         5     0.00
       132.00           0.9         0.020    Jun 30 15:40:16         5     0.00
       133.00           0.9         0.000    Jun 30 15:40:16         5     0.00
       134.00           0.9         0.010    Jun 30 15:40:16         5     0.00
       135.00           1.0         0.010    Jun 30 15:40:16         5     0.00
       136.00           1.0         0.010    Jun 30 15:40:16         5     0.00
       137.00           1.0         0.010    Jun 30 15:40:16         5     0.00
       138.00           1.0         0.020    Jun 30 15:40:16         5     0.00
       139.00           1.0         0.010    Jun 30 15:40:16         5     0.00
       140.00           1.0         0.010    Jun 30 15:40:16         5     0.00
       141.00           1.0         0.010    Jun 30 15:40:16         5     0.00
       142.00           1.0         0.010    Jun 30 15:40:16         5     0.00
       143.00           1.1         0.010    Jun 30 15:40:16         5     0.00
       144.00           1.1         0.000    Jun 30 15:40:16         5     0.00
       145.00           1.1         0.010    Jun 30 15:40:16         5     0.00
       146.00           1.1         0.010    Jun 30 15:40:16         5     0.00
       147.00           1.1         0.010    Jun 30 15:40:16         5     0.00
       148.00           1.1         0.010    Jun 30 15:40:17         6     0.00
       149.00           1.1         0.000    Jun 30 15:40:17         6     0.00
       150.00           1.1         0.010    Jun 30 15:40:17         6     0.00
       151.00           1.1         0.010    Jun 30 15:40:17         6     0.00
       152.00           1.1         0.010    Jun 30 15:40:17         6     0.00
       153.00           1.1         0.000    Jun 30 15:40:17         6     0.00
       154.00           1.1         0.010    Jun 30 15:40:17         6     0.00
       155.00           1.1         0.010    Jun 30 15:40:17         6     0.00
       156.00           1.1         0.000    Jun 30 15:40:17         6     0.00
       157.00           1.1         0.010    Jun 30 15:40:17         6     0.00
       158.00           1.2         0.010    Jun 30 15:40:17         6     0.00
       159.00           1.2         0.000    Jun 30 15:40:17         6     0.00
       160.00           1.2         0.010    Jun 30 15:40:17         6     0.00
       161.00           1.2         0.010    Jun 30 15:40:17         6     0.00
       162.00           1.2         0.020    Jun 30 15:40:17         6     0.00
       163.00           1.2         0.000    Jun 30 15:40:17         6     0.00
       164.00           1.2         0.010    Jun 30 15:40:17         6     0.00
       165.00           1.2         0.020    Jun 30 15:40:17         6     0.00
       166.00           1.2         0.010    Jun 30 15:40:17         6     0.00
       167.00           1.2         0.010    Jun 30 15:40:17         6     0.00
       168.00           1.3         0.010    Jun 30 15:40:17         6     0.00
       169.00           1.3         0.010    Jun 30 15:40:17         6     0.00
       170.00           1.3         0.000    Jun 30 15:40:17         6     0.00
       171.00           1.3         0.010    Jun 30 15:40:17         6     0.00
       172.00           1.3         0.010    Jun 30 15:40:18         7     0.00
       173.00           1.3         0.010    Jun 30 15:40:18         7     0.00
       174.00           1.3         0.020    Jun 30 15:40:18         7     0.00
       175.00           1.3         0.000    Jun 30 15:40:18         7     0.00
       176.00           1.3         0.010    Jun 30 15:40:18         7     0.00
       177.00           1.3         0.000    Jun 30 15:40:18         7     0.00
       178.00           1.3         0.010    Jun 30 15:40:18         7     0.00
       179.00           1.3         0.000    Jun 30 15:40:18         7     0.00
       180.00           1.3         0.010    Jun 30 15:40:18         7     0.00
       181.00           1.3         0.000    Jun 30 15:40:18         7     0.00
       182.00           1.3         0.000    Jun 30 15:40:18         7     0.00
       183.00           1.4         0.010    Jun 30 15:40:18         7     0.00
       184.00           1.4         0.000    Jun 30 15:40:18         7     0.00
       185.00           1.4         0.010    Jun 30 15:40:18         7     0.00
       186.00           1.4         0.000    Jun 30 15:40:18         7     0.00
       187.00           1.4         0.010    Jun 30 15:40:18         7     0.00
       188.00           1.4         0.000    Jun 30 15:40:18         7     0.00
       189.00           1.4         0.000    Jun 30 15:40:18         7     0.00
       190.00           1.4         0.010    Jun 30 15:40:18         7     0.00
       191.00           1.4         0.000    Jun 30 15:40:18         7     0.00
       192.00           1.4         0.010    Jun 30 15:40:18         7     0.00
       193.00           1.4         0.000    Jun 30 15:40:18         7     0.00
       194.00           1.4         0.010    Jun 30 15:40:18         7     0.00
       195.00           1.4         0.000    Jun 30 15:40:18         7     0.00
       196.00           1.4         0.010    Jun 30 15:40:18         7     0.00
       197.00           1.4         0.000    Jun 30 15:40:18         7     0.00
       198.00           1.4         0.010    Jun 30 15:40:18         7     0.00
       199.00           1.4         0.000    Jun 30 15:40:18         7     0.00
       200.00           1.4         0.000    Jun 30 15:40:18         7     0.00
       201.00           1.4         0.010    Jun 30 15:40:18         7     0.00
       202.00           1.4         0.000    Jun 30 15:40:18         7     0.00
       203.00           1.4         0.010    Jun 30 15:40:19         8     0.00
       204.00           1.4         0.000    Jun 30 15:40:19         8     0.00
       205.00           1.5         0.010    Jun 30 15:40:19         8     0.00
       206.00           1.5         0.000    Jun 30 15:40:19         8     0.00
       207.00           1.5         0.010    Jun 30 15:40:19         8     0.00
       208.00           1.5         0.000    Jun 30 15:40:19         8     0.00
       209.00           1.5         0.000    Jun 30 15:40:19         8     0.00
       210.00           1.5         0.000    Jun 30 15:40:19         8     0.00
       211.00           1.5         0.010    Jun 30 15:40:19         8     0.00
       212.00           1.5         0.000    Jun 30 15:40:19         8     0.00
       213.00           1.5         0.010    Jun 30 15:40:19         8     0.00
       214.00           1.5         0.000    Jun 30 15:40:19         8     0.00
       215.00           1.5         0.010    Jun 30 15:40:19         8     0.00
       216.00           1.5         0.000    Jun 30 15:40:19         8     0.00
       217.00           1.5         0.020    Jun 30 15:40:19         8     0.00
       218.00           1.5         0.010    Jun 30 15:40:19         8     0.00
       219.00           1.5         0.010    Jun 30 15:40:19         8     0.00
       220.00           1.6         0.010    Jun 30 15:40:19         8     0.00
       221.00           1.6         0.010    Jun 30 15:40:19         8     0.00
       222.00           1.6         0.010    Jun 30 15:40:19         8     0.00
       223.00           1.6         0.010    Jun 30 15:40:19         8     0.00
       224.00           1.6         0.020    Jun 30 15:40:19         8     0.00
       225.00           1.6         0.010    Jun 30 15:40:19         8     0.00
       226.00           1.6         0.010    Jun 30 15:40:19         8     0.00
       227.00           1.6         0.020    Jun 30 15:40:19         8     0.00
       228.00           1.6         0.010    Jun 30 15:40:19         8     0.00
       229.00           1.7         0.010    Jun 30 15:40:19         8     0.00
       230.00           1.7         0.010    Jun 30 15:40:19         8     0.00
       231.00           1.7         0.000    Jun 30 15:40:19         8     0.00
       232.00           1.7         0.010    Jun 30 15:40:19         8     0.00
       233.00           1.7         0.010    Jun 30 15:40:19         8     0.00
       234.00           1.7         0.010    Jun 30 15:40:19         8     0.00
       235.00           1.7         0.000    Jun 30 15:40:19         8     0.00
       236.00           1.7         0.020    Jun 30 15:40:19         8     0.00
       237.00           1.7         0.010    Jun 30 15:40:20         9     0.00
       238.00           1.7         0.010    Jun 30 15:40:20         9     0.00
       239.00           1.8         0.010    Jun 30 15:40:20         9     0.00
       240.00           1.8         0.000    Jun 30 15:40:20         9     0.00
       241.00           1.8         0.010    Jun 30 15:40:20         9     0.00
       242.00           1.8         0.000    Jun 30 15:40:20         9     0.00
       243.00           1.8         0.000    Jun 30 15:40:20         9     0.00
       244.00           1.8         0.010    Jun 30 15:40:20         9     0.00
       245.00           1.8         0.000    Jun 30 15:40:20         9     0.00
       246.00           1.8         0.010    Jun 30 15:40:20         9     0.00
       247.00           1.8         0.000    Jun 30 15:40:20         9     0.00
       248.00           1.8         0.000    Jun 30 15:40:20         9     0.00
       249.00           1.8         0.010    Jun 30 15:40:20         9     0.00
       250.00           1.8         0.000    Jun 30 15:40:20         9     0.00
       251.00           1.8         0.000    Jun 30 15:40:20         9     0.00
       252.00           1.8         0.010    Jun 30 15:40:20         9     0.00
       253.00           1.8         0.000    Jun 30 15:40:20         9     0.00
       254.00           1.8         0.010    Jun 30 15:40:20         9     0.00
       255.00           1.8         0.000    Jun 30 15:40:20         9     0.00
       256.00           1.8         0.010    Jun 30 15:40:20         9     0.00
       257.00           1.8         0.010    Jun 30 15:40:20         9     0.00
       258.00           1.8         0.010    Jun 30 15:40:20         9     0.00
       259.00           1.8         0.010    Jun 30 15:40:20         9     0.00
       260.00           1.8         0.000    Jun 30 15:40:20         9     0.00
       261.00           1.8         0.000    Jun 30 15:40:20         9     0.00
       262.00           1.9         0.010    Jun 30 15:40:20         9     0.00
       263.00           1.9         0.000    Jun 30 15:40:20         9     0.00
       264.00           1.9         0.010    Jun 30 15:40:20         9     0.00
       265.00           1.9         0.000    Jun 30 15:40:20         9     0.00
       266.00           1.9         0.000    Jun 30 15:40:20         9     0.00
       267.00           1.9         0.010    Jun 30 15:40:20         9     0.00
       268.00           1.9         0.000    Jun 30 15:40:20         9     0.00
       269.00           1.9         0.000    Jun 30 15:40:21        10     0.00
       270.00           1.9         0.010    Jun 30 15:40:21        10     0.00
       271.00           1.9         0.000    Jun 30 15:40:21        10     0.00
       272.00           1.9         0.010    Jun 30 15:40:21        10     0.00
       273.00           1.9         0.010    Jun 30 15:40:21        10     0.00
       274.00           1.9         0.010    Jun 30 15:40:21        10     0.00
       275.00           1.9         0.010    Jun 30 15:40:21        10     0.00
       276.00           1.9         0.000    Jun 30 15:40:21        10     0.00
       277.00           1.9         0.010    Jun 30 15:40:21        10     0.00
       278.00           1.9         0.010    Jun 30 15:40:21        10     0.00
       279.00           2.0         0.010    Jun 30 15:40:21        10     0.00
       280.00           2.0         0.020    Jun 30 15:40:21        10     0.00
       281.00           2.0         0.010    Jun 30 15:40:21        10     0.00
       282.00           2.0         0.010    Jun 30 15:40:21        10     0.00
       283.00           2.0         0.010    Jun 30 15:40:21        10     0.00
       284.00           2.0         0.010    Jun 30 15:40:21        10     0.00
       285.00           2.0         0.010    Jun 30 15:40:21        10     0.00
       286.00           2.0         0.010    Jun 30 15:40:21        10     0.00
       287.00           2.0         0.010    Jun 30 15:40:21        10     0.00
       288.00           2.1         0.010    Jun 30 15:40:21        10     0.00
       289.00           2.1         0.010    Jun 30 15:40:21        10     0.00
       290.00           2.1         0.010    Jun 30 15:40:21        10     0.00
       291.00           2.1         0.020    Jun 30 15:40:21        10     0.00
       292.00           2.1         0.020    Jun 30 15:40:21        10     0.00
       293.00           2.1         0.010    Jun 30 15:40:21        10     0.00
       294.00           2.1         0.010    Jun 30 15:40:21        10     0.00
       295.00           2.1         0.000    Jun 30 15:40:21        10     0.00
       296.00           2.1         0.010    Jun 30 15:40:22        11     0.00
       297.00           2.2         0.010    Jun 30 15:40:22        11     0.00
       298.00           2.2         0.010    Jun 30 15:40:22        11     0.00
       299.00           2.2         0.000    Jun 30 15:40:22        11     0.00
       300.00           2.2         0.000    Jun 30 15:40:22        11     0.00
       301.00           2.2         0.010    Jun 30 15:40:22        11     0.00
       302.00           2.2         0.010    Jun 30 15:40:22        11     0.00
       303.00           2.2         0.000    Jun 30 15:40:22        11     0.00
       304.00           2.2         0.010    Jun 30 15:40:22        11     0.00
       305.00           2.2         0.000    Jun 30 15:40:22        11     0.00
       306.00           2.2         0.010    Jun 30 15:40:22        11     0.00
       307.00           2.2         0.000    Jun 30 15:40:22        11     0.00
       308.00           2.2         0.010    Jun 30 15:40:22        11     0.00
       309.00           2.2         0.020    Jun 30 15:40:22        11     0.00
       310.00           2.2         0.000    Jun 30 15:40:22        11     0.00
       311.00           2.2         0.010    Jun 30 15:40:22        11     0.00
       312.00           2.3         0.010    Jun 30 15:40:22        11     0.00
       313.00           2.3         0.000    Jun 30 15:40:22        11     0.00
       314.00           2.3         0.000    Jun 30 15:40:22        11     0.00
       315.00           2.3         0.010    Jun 30 15:40:22        11     0.00
       316.00           2.3         0.000    Jun 30 15:40:22        11     0.00
       317.00           2.3         0.010    Jun 30 15:40:22        11     0.00
       318.00           2.3         0.000    Jun 30 15:40:22        11     0.00
       319.00           2.3         0.000    Jun 30 15:40:22        11     0.00
       320.00           2.3         0.010    Jun 30 15:40:22        11     0.00
       321.00           2.3         0.010    Jun 30 15:40:22        11     0.00
       322.00           2.3         0.010    Jun 30 15:40:22        11     0.00
       323.00           2.3         0.000    Jun 30 15:40:22        11     0.00
       324.00           2.3         0.010    Jun 30 15:40:22        11     0.00
       325.00           2.3         0.010    Jun 30 15:40:23        12     0.00
       326.00           2.3         0.000    Jun 30 15:40:23        12     0.00
       327.00           2.3         0.010    Jun 30 15:40:23        12     0.00
       328.00           2.4         0.010    Jun 30 15:40:23        12     0.00
       329.00           2.4         0.000    Jun 30 15:40:23        12     0.00
       330.00           2.4         0.010    Jun 30 15:40:23        12     0.00
       331.00           2.4         0.010    Jun 30 15:40:23        12     0.00
       332.00           2.4         0.010    Jun 30 15:40:23        12     0.00
       333.00           2.4         0.020    Jun 30 15:40:23        12     0.00
       334.00           2.4         0.000    Jun 30 15:40:23        12     0.00
       335.00           2.4         0.010    Jun 30 15:40:23        12     0.00
       336.00           2.4         0.010    Jun 30 15:40:23        12     0.00
       337.00           2.4         0.010    Jun 30 15:40:23        12     0.00
       338.00           2.4         0.000    Jun 30 15:40:23        12     0.00
       339.00           2.4         0.010    Jun 30 15:40:23        12     0.00
       340.00           2.5         0.010    Jun 30 15:40:23        12     0.00
       341.00           2.5         0.000    Jun 30 15:40:23        12     0.00
       342.00           2.5         0.010    Jun 30 15:40:23        12     0.00
       343.00           2.5         0.010    Jun 30 15:40:23        12     0.00
       344.00           2.5         0.010    Jun 30 15:40:23        12     0.00
       345.00           2.5         0.000    Jun 30 15:40:23        12     0.00
       346.00           2.5         0.010    Jun 30 15:40:23        12     0.00
       347.00           2.5         0.000    Jun 30 15:40:23        12     0.00
       348.00           2.5         0.010    Jun 30 15:40:23        12     0.00
       349.00           2.5         0.010    Jun 30 15:40:23        12     0.00
       350.00           2.5         0.000    Jun 30 15:40:23        12     0.00
       351.00           2.5         0.010    Jun 30 15:40:23        12     0.00
       352.00           2.5         0.000    Jun 30 15:40:24        13     0.00
       353.00           2.5         0.000    Jun 30 15:40:24        13     0.00
       354.00           2.5         0.010    Jun 30 15:40:24        13     0.00
       355.00           2.5         0.000    Jun 30 15:40:24        13     0.00
       356.00           2.5         0.010    Jun 30 15:40:24        13     0.00
       357.00           2.5         0.000    Jun 30 15:40:24        13     0.00
       358.00           2.5         0.000    Jun 30 15:40:24        13     0.00
       359.00           2.5         0.010    Jun 30 15:40:24        13     0.00
       360.00           2.5         0.000    Jun 30 15:40:24        13     0.00
       361.00           2.5         0.000    Jun 30 15:40:24        13     0.00
       362.00           2.6         0.010    Jun 30 15:40:24        13     0.00
       363.00           2.6         0.000    Jun 30 15:40:24        13     0.00
       364.00           2.6         0.000    Jun 30 15:40:24        13     0.00
       365.00           2.6         0.010    Jun 30 15:40:24        13     0.00
       366.00           2.6         0.010    Jun 30 15:40:24        13     0.00
       367.00           2.6         0.010    Jun 30 15:40:24        13     0.00
       368.00           2.6         0.000    Jun 30 15:40:24        13     0.00
       369.00           2.6         0.020    Jun 30 15:40:24        13     0.00
       370.00           2.6         0.000    Jun 30 15:40:24        13     0.00
       371.00           2.6         0.000    Jun 30 15:40:24        13     0.00
       372.00           2.6         0.010    Jun 30 15:40:24        13     0.00
       373.00           2.6         0.000    Jun 30 15:40:24        13     0.00
       374.00           2.6         0.000    Jun 30 15:40:24        13     0.00
       375.00           2.6         0.010    Jun 30 15:40:24        13     0.00
       376.00           2.6         0.000    Jun 30 15:40:24        13     0.00
       377.00           2.6         0.000    Jun 30 15:40:24        13     0.00
       378.00           2.6         0.010    Jun 30 15:40:24        13     0.00
       379.00           2.6         0.000    Jun 30 15:40:24        13     0.00
       380.00           2.6         0.000    Jun 30 15:40:24        13     0.00
       381.00           2.6         0.000    Jun 30 15:40:25        14     0.00
       382.00           2.6         0.010    Jun 30 15:40:25        14     0.00
       383.00           2.6         0.000    Jun 30 15:40:25        14     0.00
       384.00           2.7         0.010    Jun 30 15:40:25        14     0.00
       385.00           2.7         0.010    Jun 30 15:40:25        14     0.00
       386.00           2.7         0.000    Jun 30 15:40:25        14     0.00
       387.00           2.7         0.010    Jun 30 15:40:25        14     0.00
       388.00           2.7         0.000    Jun 30 15:40:25        14     0.00
       389.00           2.7         0.010    Jun 30 15:40:25        14     0.00
       390.00           2.7         0.000    Jun 30 15:40:25        14     0.00
       391.00           2.7         0.010    Jun 30 15:40:25        14     0.00
       392.00           2.7         0.000    Jun 30 15:40:25        14     0.00
       393.00           2.7         0.000    Jun 30 15:40:25        14     0.00
       394.00           2.7         0.010    Jun 30 15:40:25        14     0.00
       395.00           2.7         0.000    Jun 30 15:40:25        14     0.00
       396.00           2.7         0.000    Jun 30 15:40:25        14     0.00
       397.00           2.7         0.010    Jun 30 15:40:25        14     0.00
       398.00           2.7         0.000    Jun 30 15:40:25        14     0.00
       399.00           2.7         0.010    Jun 30 15:40:25        14     0.00
       400.00           2.7         0.000    Jun 30 15:40:25        14     0.00
       401.00           2.7         0.000    Jun 30 15:40:25        14     0.00
       402.00           2.7         0.010    Jun 30 15:40:25        14     0.00
       403.00           2.7         0.000    Jun 30 15:40:25        14     0.00
       404.00           2.7         0.000    Jun 30 15:40:25        14     0.00
       405.00           2.8         0.010    Jun 30 15:40:25        14     0.00
       406.00           2.8         0.000    Jun 30 15:40:25        14     0.00
       407.00           2.8         0.000    Jun 30 15:40:25        14     0.00
       408.00           2.8         0.000    Jun 30 15:40:25        14     0.00
       409.00           2.8         0.020    Jun 30 15:40:26        15     0.00
       410.00           2.8         0.000    Jun 30 15:40:26        15     0.00
       411.00           2.8         0.000    Jun 30 15:40:26        15     0.00
       412.00           2.8         0.010    Jun 30 15:40:26        15     0.00
       413.00           2.8         0.000    Jun 30 15:40:26        15     0.00
       414.00           2.8         0.010    Jun 30 15:40:26        15     0.00
       415.00           2.8         0.000    Jun 30 15:40:26        15     0.00
       416.00           2.8         0.010    Jun 30 15:40:26        15     0.00
       417.00           2.8         0.000    Jun 30 15:40:26        15     0.00
       418.00           2.8         0.010    Jun 30 15:40:26        15     0.00
       419.00           2.8         0.000    Jun 30 15:40:26        15     0.00
       420.00           2.8         0.010    Jun 30 15:40:26        15     0.00
       421.00           2.8         0.000    Jun 30 15:40:26        15     0.00
       422.00           2.8         0.010    Jun 30 15:40:26        15     0.00
       423.00           2.8         0.010    Jun 30 15:40:26        15     0.00
       424.00           2.8         0.010    Jun 30 15:40:26        15     0.00
       425.00           2.8         0.000    Jun 30 15:40:26        15     0.00
       426.00           2.9         0.010    Jun 30 15:40:26        15     0.00
       427.00           2.9         0.010    Jun 30 15:40:26        15     0.00
       428.00           2.9         0.000    Jun 30 15:40:26        15     0.00
       429.00           2.9         0.000    Jun 30 15:40:26        15     0.00
       430.00           2.9         0.010    Jun 30 15:40:26        15     0.00
       431.00           2.9         0.000    Jun 30 15:40:26        15     0.00
       432.00           2.9         0.010    Jun 30 15:40:26        15     0.00
       433.00           2.9         0.010    Jun 30 15:40:26        15     0.00
       434.00           2.9         0.000    Jun 30 15:40:26        15     0.00
       435.00           2.9         0.010    Jun 30 15:40:26        15     0.00
       436.00           2.9         0.000    Jun 30 15:40:26        15     0.00
       437.00           2.9         0.000    Jun 30 15:40:26        15     0.00
       438.00           2.9         0.010    Jun 30 15:40:27        16     0.00
       439.00           2.9         0.000    Jun 30 15:40:27        16     0.00
       440.00           2.9         0.000    Jun 30 15:40:27        16     0.00
       441.00           2.9         0.010    Jun 30 15:40:27        16     0.00
       442.00           2.9         0.010    Jun 30 15:40:27        16     0.00
       443.00           2.9         0.000    Jun 30 15:40:27        16     0.00
       444.00           2.9         0.000    Jun 30 15:40:27        16     0.00
       445.00           3.0         0.010    Jun 30 15:40:27        16     0.00
       446.00           3.0         0.000    Jun 30 15:40:27        16     0.00
       447.00           3.0         0.010    Jun 30 15:40:27        16     0.00
       448.00           3.0         0.000    Jun 30 15:40:27        16     0.00
       449.00           3.0         0.000    Jun 30 15:40:27        16     0.00
       450.00           3.0         0.010    Jun 30 15:40:27        16     0.00
       451.00           3.0         0.000    Jun 30 15:40:27        16     0.00
       452.00           3.0         0.000    Jun 30 15:40:27        16     0.00
       453.00           3.0         0.010    Jun 30 15:40:27        16     0.00
       454.00           3.0         0.000    Jun 30 15:40:27        16     0.00
       455.00           3.0         0.000    Jun 30 15:40:27        16     0.00
       456.00           3.0         0.020    Jun 30 15:40:27        16     0.00
       457.00           3.0         0.000    Jun 30 15:40:27        16     0.00
       458.00           3.0         0.000    Jun 30 15:40:27        16     0.00
       459.00           3.0         0.010    Jun 30 15:40:27        16     0.00
       460.00           3.0         0.000    Jun 30 15:40:27        16     0.00
       461.00           3.0         0.000    Jun 30 15:40:27        16     0.00
       462.00           3.0         0.010    Jun 30 15:40:27        16     0.00
       463.00           3.0         0.000    Jun 30 15:40:27        16     0.00
       464.00           3.0         0.000    Jun 30 15:40:27        16     0.00
       465.00           3.0         0.010    Jun 30 15:40:27        16     0.00
       466.00           3.0         0.000    Jun 30 15:40:27        16     0.00
       467.00           3.1         0.020    Jun 30 15:40:27        16     0.00
       468.00           3.1         0.000    Jun 30 15:40:27        16     0.00
       469.00           3.1         0.000    Jun 30 15:40:27        16     0.00
       470.00           3.1         0.010    Jun 30 15:40:27        16     0.00
       471.00           3.1         0.010    Jun 30 15:40:28        17     0.00
       472.00           3.1         0.000    Jun 30 15:40:28        17     0.00
       473.00           3.1         0.010    Jun 30 15:40:28        17     0.00
       474.00           3.1         0.000    Jun 30 15:40:28        17     0.00
       475.00           3.1         0.010    Jun 30 15:40:28        17     0.00
       476.00           3.1         0.000    Jun 30 15:40:28        17     0.00
       477.00           3.1         0.010    Jun 30 15:40:28        17     0.00
       478.00           3.1         0.000    Jun 30 15:40:28        17     0.00
       479.00           3.1         0.000    Jun 30 15:40:28        17     0.00
       480.00           3.1         0.010    Jun 30 15:40:28        17     0.00
       481.00           3.1         0.000    Jun 30 15:40:28        17     0.00
       482.00           3.1         0.010    Jun 30 15:40:28        17     0.00
       483.00           3.1         0.010    Jun 30 15:40:28        17     0.00
       484.00           3.1         0.000    Jun 30 15:40:28        17     0.00
       485.00           3.1         0.000    Jun 30 15:40:28        17     0.00
       486.00           3.1         0.010    Jun 30 15:40:28        17     0.00
       487.00           3.1         0.000    Jun 30 15:40:28        17     0.00
       488.00           3.1         0.000    Jun 30 15:40:28        17     0.00
       489.00           3.1         0.010    Jun 30 15:40:28        17     0.00
       490.00           3.1         0.000    Jun 30 15:40:28        17     0.00
       491.00           3.1         0.000    Jun 30 15:40:28        17     0.00
       492.00           3.2         0.010    Jun 30 15:40:28        17     0.00
       493.00           3.2         0.000    Jun 30 15:40:28        17     0.00
       494.00           3.2         0.010    Jun 30 15:40:28        17     0.00
       495.00           3.2         0.000    Jun 30 15:40:28        17     0.00
       496.00           3.2         0.010    Jun 30 15:40:28        17     0.00
       497.00           3.2         0.000    Jun 30 15:40:28        17     0.00
       498.00           3.2         0.000    Jun 30 15:40:28        17     0.00
       499.00           3.2         0.010    Jun 30 15:40:28        17     0.00
       500.00           3.2         0.000    Jun 30 15:40:28        17     0.00
       501.00           3.2         0.000    Jun 30 15:40:28        17     0.00
       502.00           3.2         0.010    Jun 30 15:40:28        17     0.00
       503.00           3.2         0.000    Jun 30 15:40:28        17     0.00
       504.00           3.2         0.010    Jun 30 15:40:29        18     0.01
       505.00           3.2         0.000    Jun 30 15:40:29        18     0.01
       506.00           3.2         0.010    Jun 30 15:40:29        18     0.01
       507.00           3.2         0.000    Jun 30 15:40:29        18     0.01
       508.00           3.2         0.010    Jun 30 15:40:29        18     0.01
       509.00           3.2         0.000    Jun 30 15:40:29        18     0.01
       510.00           3.2         0.010    Jun 30 15:40:29        18     0.01
       511.00           3.2         0.000    Jun 30 15:40:29        18     0.01
       512.00           3.2         0.010    Jun 30 15:40:29        18     0.01
       513.00           3.2         0.000    Jun 30 15:40:29        18     0.01
       514.00           3.2         0.000    Jun 30 15:40:29        18     0.01
       515.00           3.3         0.010    Jun 30 15:40:29        18     0.01
       516.00           3.3         0.000    Jun 30 15:40:29        18     0.01
       517.00           3.3         0.020    Jun 30 15:40:29        18     0.01
       518.00           3.3         0.000    Jun 30 15:40:29        18     0.01
       519.00           3.3         0.000    Jun 30 15:40:29        18     0.01
       520.00           3.3         0.010    Jun 30 15:40:29        18     0.01
       521.00           3.3         0.000    Jun 30 15:40:29        18     0.01
       522.00           3.3         0.000    Jun 30 15:40:29        18     0.01
       523.00           3.3         0.010    Jun 30 15:40:29        18     0.01
       524.00           3.3         0.000    Jun 30 15:40:29        18     0.01
       525.00           3.3         0.020    Jun 30 15:40:29        18     0.01
       526.00           3.3         0.010    Jun 30 15:40:29        18     0.01
       527.00           3.3         0.010    Jun 30 15:40:29        18     0.01
       528.00           3.4         0.010    Jun 30 15:40:29        18     0.01
       529.00           3.4         0.000    Jun 30 15:40:29        18     0.01
       530.00           3.4         0.010    Jun 30 15:40:29        18     0.01
       531.00           3.4         0.000    Jun 30 15:40:29        18     0.01
       532.00           3.4         0.000    Jun 30 15:40:29        18     0.01
       533.00           3.4         0.010    Jun 30 15:40:29        18     0.01
       534.00           3.4         0.000    Jun 30 15:40:30        19     0.01
       535.00           3.4         0.000    Jun 30 15:40:30        19     0.01
       536.00           3.4         0.010    Jun 30 15:40:30        19     0.01
       537.00           3.4         0.000    Jun 30 15:40:30        19     0.01
       538.00           3.4         0.010    Jun 30 15:40:30        19     0.01
       539.00           3.4         0.000    Jun 30 15:40:30        19     0.01
       540.00           3.4         0.000    Jun 30 15:40:30        19     0.01
       541.00           3.4         0.010    Jun 30 15:40:30        19     0.01
       542.00           3.4         0.000    Jun 30 15:40:30        19     0.01
       543.00           3.4         0.000    Jun 30 15:40:30        19     0.01
       544.00           3.4         0.010    Jun 30 15:40:30        19     0.01
       545.00           3.4         0.010    Jun 30 15:40:30        19     0.01
       546.00           3.4         0.000    Jun 30 15:40:30        19     0.01
       547.00           3.4         0.010    Jun 30 15:40:30        19     0.01
       548.00           3.4         0.000    Jun 30 15:40:30        19     0.01
       549.00           3.4         0.000    Jun 30 15:40:30        19     0.01
       550.00           3.4         0.010    Jun 30 15:40:30        19     0.01
       551.00           3.4         0.000    Jun 30 15:40:30        19     0.01
       552.00           3.4         0.000    Jun 30 15:40:30        19     0.01
       553.00           3.5         0.010    Jun 30 15:40:30        19     0.01
       554.00           3.5         0.000    Jun 30 15:40:30        19     0.01
       555.00           3.5         0.000    Jun 30 15:40:30        19     0.01
       556.00           3.5         0.010    Jun 30 15:40:30        19     0.01
       557.00           3.5         0.000    Jun 30 15:40:30        19     0.01
       558.00           3.5         0.000    Jun 30 15:40:30        19     0.01
       559.00           3.5         0.010    Jun 30 15:40:30        19     0.01
       560.00           3.5         0.000    Jun 30 15:40:30        19     0.01
       561.00           3.5         0.010    Jun 30 15:40:30        19     0.01
       562.00           3.5         0.000    Jun 30 15:40:30        19     0.01
       563.00           3.5         0.020    Jun 30 15:40:30        19     0.01
       564.00           3.5         0.000    Jun 30 15:40:30        19     0.01
       565.00           3.5         0.000    Jun 30 15:40:30        19     0.01
       566.00           3.5         0.000    Jun 30 15:40:31        20     0.01
       567.00           3.5         0.010    Jun 30 15:40:31        20     0.01
       568.00           3.5         0.000    Jun 30 15:40:31        20     0.01
       569.00           3.5         0.010    Jun 30 15:40:31        20     0.01
       570.00           3.5         0.000    Jun 30 15:40:31        20     0.01
       571.00           3.5         0.000    Jun 30 15:40:31        20     0.01
       572.00           3.5         0.010    Jun 30 15:40:31        20     0.01
       573.00           3.5         0.000    Jun 30 15:40:31        20     0.01
       574.00           3.5         0.000    Jun 30 15:40:31        20     0.01
       575.00           3.5         0.010    Jun 30 15:40:31        20     0.01
       576.00           3.5         0.000    Jun 30 15:40:31        20     0.01
       577.00           3.5         0.000    Jun 30 15:40:31        20     0.01
       578.00           3.5         0.010    Jun 30 15:40:31        20     0.01
       579.00           3.5         0.000    Jun 30 15:40:31        20     0.01
       580.00           3.5         0.000    Jun 30 15:40:31        20     0.01
       581.00           3.6         0.010    Jun 30 15:40:31        20     0.01
       582.00           3.6         0.000    Jun 30 15:40:31        20     0.01
       583.00           3.6         0.000    Jun 30 15:40:31        20     0.01
       584.00           3.6         0.010    Jun 30 15:40:31        20     0.01
       585.00           3.6         0.010    Jun 30 15:40:31        20     0.01
       586.00           3.6         0.000    Jun 30 15:40:31        20     0.01
       587.00           3.6         0.010    Jun 30 15:40:31        20     0.01
       588.00           3.6         0.010    Jun 30 15:40:31        20     0.01
       589.00           3.6         0.010    Jun 30 15:40:31        20     0.01
       590.00           3.6         0.010    Jun 30 15:40:31        20     0.01
       591.00           3.6         0.020    Jun 30 15:40:31        20     0.01
       592.00           3.7         0.010    Jun 30 15:40:31        20     0.01
       593.00           3.7         0.010    Jun 30 15:40:31        20     0.01
       594.00           3.7         0.000    Jun 30 15:40:31        20     0.01
       595.00           3.7         0.020    Jun 30 15:40:31        20     0.01
       596.00           3.7         0.010    Jun 30 15:40:31        20     0.01
       597.00           3.7         0.000    Jun 30 15:40:32        21     0.01
       598.00           3.7         0.010    Jun 30 15:40:32        21     0.01
       599.00           3.7         0.000    Jun 30 15:40:32        21     0.01
       600.00           3.7         0.010    Jun 30 15:40:32        21     0.01
       601.00           3.7         0.010    Jun 30 15:40:32        21     0.01
       602.00           3.7         0.000    Jun 30 15:40:32        21     0.01
       603.00           3.7         0.010    Jun 30 15:40:32        21     0.01
       604.00           3.7         0.010    Jun 30 15:40:32        21     0.01
       605.00           3.7         0.000    Jun 30 15:40:32        21     0.01
       606.00           3.8         0.010    Jun 30 15:40:32        21     0.01
       607.00           3.8         0.000    Jun 30 15:40:32        21     0.01
       608.00           3.8         0.010    Jun 30 15:40:32        21     0.01
       609.00           3.8         0.010    Jun 30 15:40:32        21     0.01
       610.00           3.8         0.000    Jun 30 15:40:32        21     0.01
       611.00           3.8         0.010    Jun 30 15:40:32        21     0.01
       612.00           3.8         0.000    Jun 30 15:40:32        21     0.01
       613.00           3.8         0.000    Jun 30 15:40:32        21     0.01
       614.00           3.8         0.010    Jun 30 15:40:32        21     0.01
       615.00           3.8         0.000    Jun 30 15:40:32        21     0.01
       616.00           3.8         0.010    Jun 30 15:40:32        21     0.01
       617.00           3.8         0.000    Jun 30 15:40:32        21     0.01
       618.00           3.8         0.010    Jun 30 15:40:32        21     0.01
       619.00           3.8         0.000    Jun 30 15:40:32        21     0.01
       620.00           3.8         0.010    Jun 30 15:40:32        21     0.01
       621.00           3.8         0.020    Jun 30 15:40:32        21     0.01
       622.00           3.8         0.000    Jun 30 15:40:32        21     0.01
       623.00           3.9         0.010    Jun 30 15:40:32        21     0.01
       624.00           3.9         0.010    Jun 30 15:40:32        21     0.01
       625.00           3.9         0.000    Jun 30 15:40:32        21     0.01
       626.00           3.9         0.010    Jun 30 15:40:32        21     0.01
       627.00           3.9         0.000    Jun 30 15:40:32        21     0.01
       628.00           3.9         0.010    Jun 30 15:40:33        22     0.01
       629.00           3.9         0.000    Jun 30 15:40:33        22     0.01
       630.00           3.9         0.000    Jun 30 15:40:33        22     0.01
       631.00           3.9         0.010    Jun 30 15:40:33        22     0.01
       632.00           3.9         0.000    Jun 30 15:40:33        22     0.01
       633.00           3.9         0.000    Jun 30 15:40:33        22     0.01
       634.00           3.9         0.010    Jun 30 15:40:33        22     0.01
       635.00           3.9         0.000    Jun 30 15:40:33        22     0.01
       636.00           3.9         0.000    Jun 30 15:40:33        22     0.01
       637.00           3.9         0.010    Jun 30 15:40:33        22     0.01
       638.00           3.9         0.000    Jun 30 15:40:33        22     0.01
       639.00           3.9         0.010    Jun 30 15:40:33        22     0.01
       640.00           3.9         0.000    Jun 30 15:40:33        22     0.01
       641.00           3.9         0.000    Jun 30 15:40:33        22     0.01
       642.00           3.9         0.010    Jun 30 15:40:33        22     0.01
       643.00           3.9         0.000    Jun 30 15:40:33        22     0.01
       644.00           3.9         0.010    Jun 30 15:40:33        22     0.01
       645.00           3.9         0.010    Jun 30 15:40:33        22     0.01
       646.00           4.0         0.010    Jun 30 15:40:33        22     0.01
       647.00           4.0         0.010    Jun 30 15:40:33        22     0.01
       648.00           4.0         0.010    Jun 30 15:40:33        22     0.01
       649.00           4.0         0.010    Jun 30 15:40:33        22     0.01
       650.00           4.0         0.010    Jun 30 15:40:33        22     0.01
       651.00           4.0         0.010    Jun 30 15:40:33        22     0.01
       652.00           4.0         0.010    Jun 30 15:40:33        22     0.01
       653.00           4.0         0.020    Jun 30 15:40:33        22     0.01
       654.00           4.0         0.010    Jun 30 15:40:33        22     0.01
       655.00           4.1         0.010    Jun 30 15:40:33        22     0.01
       656.00           4.1         0.000    Jun 30 15:40:33        22     0.01
       657.00           4.1         0.010    Jun 30 15:40:33        22     0.01
       658.00           4.1         0.000    Jun 30 15:40:34        23     0.01
       659.00           4.1         0.010    Jun 30 15:40:34        23     0.01
       660.00           4.1         0.010    Jun 30 15:40:34        23     0.01
       661.00           4.1         0.010    Jun 30 15:40:34        23     0.01
       662.00           4.1         0.010    Jun 30 15:40:34        23     0.01
       663.00           4.1         0.000    Jun 30 15:40:34        23     0.01
       664.00           4.1         0.010    Jun 30 15:40:34        23     0.01
       665.00           4.1         0.000    Jun 30 15:40:34        23     0.01
       666.00           4.1         0.020    Jun 30 15:40:34        23     0.01
       667.00           4.1         0.000    Jun 30 15:40:34        23     0.01
       668.00           4.2         0.010    Jun 30 15:40:34        23     0.01
       669.00           4.2         0.010    Jun 30 15:40:34        23     0.01
       670.00           4.2         0.010    Jun 30 15:40:34        23     0.01
       671.00           4.2         0.010    Jun 30 15:40:34        23     0.01
       672.00           4.2         0.010    Jun 30 15:40:34        23     0.01
       673.00           4.2         0.010    Jun 30 15:40:34        23     0.01
       674.00           4.2         0.020    Jun 30 15:40:34        23     0.01
       675.00           4.2         0.010    Jun 30 15:40:34        23     0.01
       676.00           4.2         0.000    Jun 30 15:40:34        23     0.01
       677.00           4.2         0.010    Jun 30 15:40:34        23     0.01
       678.00           4.2         0.010    Jun 30 15:40:34        23     0.01
       679.00           4.2         0.000    Jun 30 15:40:34        23     0.01
       680.00           4.3         0.010    Jun 30 15:40:34        23     0.01
       681.00           4.3         0.010    Jun 30 15:40:34        23     0.01
       682.00           4.3         0.020    Jun 30 15:40:34        23     0.01
       683.00           4.3         0.000    Jun 30 15:40:34        23     0.01
       684.00           4.3         0.010    Jun 30 15:40:34        23     0.01
       685.00           4.3         0.010    Jun 30 15:40:34        23     0.01
       686.00           4.3         0.000    Jun 30 15:40:35        24     0.01
       687.00           4.3         0.020    Jun 30 15:40:35        24     0.01
       688.00           4.3         0.000    Jun 30 15:40:35        24     0.01
       689.00           4.3         0.010    Jun 30 15:40:35        24     0.01
       690.00           4.3         0.000    Jun 30 15:40:35        24     0.01
       691.00           4.3         0.010    Jun 30 15:40:35        24     0.01
       692.00           4.3         0.000    Jun 30 15:40:35        24     0.01
       693.00           4.4         0.010    Jun 30 15:40:35        24     0.01
       694.00           4.4         0.010    Jun 30 15:40:35        24     0.01
       695.00           4.4         0.010    Jun 30 15:40:35        24     0.01
       696.00           4.4         0.010    Jun 30 15:40:35        24     0.01
       697.00           4.4         0.010    Jun 30 15:40:35        24     0.01
       698.00           4.4         0.010    Jun 30 15:40:35        24     0.01
       699.00           4.4         0.020    Jun 30 15:40:35        24     0.01
       700.00           4.4         0.010    Jun 30 15:40:35        24     0.01
       701.00           4.5         0.010    Jun 30 15:40:35        24     0.01
       702.00           4.5         0.000    Jun 30 15:40:35        24     0.01
       703.00           4.5         0.010    Jun 30 15:40:35        24     0.01
       704.00           4.5         0.010    Jun 30 15:40:35        24     0.01
       705.00           4.5         0.010    Jun 30 15:40:35        24     0.01
       706.00           4.5         0.010    Jun 30 15:40:35        24     0.01
       707.00           4.5         0.010    Jun 30 15:40:35        24     0.01
       708.00           4.5         0.010    Jun 30 15:40:35        24     0.01
       709.00           4.5         0.010    Jun 30 15:40:35        24     0.01
       710.00           4.5         0.020    Jun 30 15:40:35        24     0.01
       711.00           4.5         0.010    Jun 30 15:40:35        24     0.01
       712.00           4.6         0.010    Jun 30 15:40:35        24     0.01
       713.00           4.6         0.010    Jun 30 15:40:36        25     0.01
       714.00           4.6         0.010    Jun 30 15:40:36        25     0.01
       715.00           4.6         0.010    Jun 30 15:40:36        25     0.01
       716.00           4.6         0.000    Jun 30 15:40:36        25     0.01
       717.00           4.6         0.010    Jun 30 15:40:36        25     0.01
       718.00           4.6         0.000    Jun 30 15:40:36        25     0.01
       719.00           4.6         0.010    Jun 30 15:40:36        25     0.01
       720.00           4.6         0.020    Jun 30 15:40:36        25     0.01
       721.00           4.6         0.010    Jun 30 15:40:36        25     0.01
       722.00           4.6         0.000    Jun 30 15:40:36        25     0.01
       723.00           4.7         0.010    Jun 30 15:40:36        25     0.01
       724.00           4.7         0.000    Jun 30 15:40:36        25     0.01
       725.00           4.7         0.010    Jun 30 15:40:36        25     0.01
       726.00           4.7         0.010    Jun 30 15:40:36        25     0.01
       727.00           4.7         0.010    Jun 30 15:40:36        25     0.01
       728.00           4.7         0.000    Jun 30 15:40:36        25     0.01
       729.00           4.7         0.010    Jun 30 15:40:36        25     0.01
       730.00           4.7         0.010    Jun 30 15:40:36        25     0.01
       731.00           4.7         0.000    Jun 30 15:40:36        25     0.01
       732.00           4.7         0.010    Jun 30 15:40:36        25     0.01
       733.00           4.7         0.010    Jun 30 15:40:36        25     0.01
       734.00           4.7         0.000    Jun 30 15:40:36        25     0.01
       735.00           4.7         0.010    Jun 30 15:40:36        25     0.01
       736.00           4.7         0.000    Jun 30 15:40:36        25     0.01
       737.00           4.7         0.000    Jun 30 15:40:36        25     0.01
       738.00           4.7         0.010    Jun 30 15:40:37        26     0.01
       739.00           4.7         0.000    Jun 30 15:40:37        26     0.01
       740.00           4.7         0.000    Jun 30 15:40:37        26     0.01
       741.00           4.8         0.010    Jun 30 15:40:37        26     0.01
       742.00           4.8         0.010    Jun 30 15:40:37        26     0.01
       743.00           4.8         0.000    Jun 30 15:40:37        26     0.01
       744.00           4.8         0.010    Jun 30 15:40:37        26     0.01
       745.00           4.8         0.000    Jun 30 15:40:37        26     0.01
       746.00           4.8         0.000    Jun 30 15:40:37        26     0.01
       747.00           4.8         0.010    Jun 30 15:40:37        26     0.01
       748.00           4.8         0.010    Jun 30 15:40:37        26     0.01
       749.00           4.8         0.000    Jun 30 15:40:37        26     0.01
       750.00           4.8         0.010    Jun 30 15:40:37        26     0.01
       751.00           4.8         0.000    Jun 30 15:40:37        26     0.01
       752.00           4.8         0.000    Jun 30 15:40:37        26     0.01
       753.00           4.8         0.000    Jun 30 15:40:37        26     0.01
       754.00           4.8         0.010    Jun 30 15:40:37        26     0.01
       755.00           4.8         0.000    Jun 30 15:40:37        26     0.01
       756.00           4.8         0.010    Jun 30 15:40:37        26     0.01
       757.00           4.8         0.000    Jun 30 15:40:37        26     0.01
       758.00           4.8         0.000    Jun 30 15:40:37        26     0.01
       759.00           4.8         0.010    Jun 30 15:40:37        26     0.01
       760.00           4.8         0.000    Jun 30 15:40:37        26     0.01
       761.00           4.8         0.000    Jun 30 15:40:37        26     0.01
       762.00           4.8         0.010    Jun 30 15:40:37        26     0.01
       763.00           4.8         0.000    Jun 30 15:40:37        26     0.01
       764.00           4.8         0.010    Jun 30 15:40:37        26     0.01
       765.00           4.8         0.000    Jun 30 15:40:37        26     0.01
       766.00           4.8         0.000    Jun 30 15:40:37        26     0.01
       767.00           4.9         0.010    Jun 30 15:40:37        26     0.01
       768.00           4.9         0.010    Jun 30 15:40:38        27     0.01
       769.00           4.9         0.000    Jun 30 15:40:38        27     0.01
       770.00           4.9         0.020    Jun 30 15:40:38        27     0.01
       771.00           4.9         0.010    Jun 30 15:40:38        27     0.01
       772.00           4.9         0.000    Jun 30 15:40:38        27     0.01
       773.00           4.9         0.010    Jun 30 15:40:38        27     0.01
       774.00           4.9         0.000    Jun 30 15:40:38        27     0.01
       775.00           4.9         0.010    Jun 30 15:40:38        27     0.01
       776.00           4.9         0.000    Jun 30 15:40:38        27     0.01
       777.00           4.9         0.000    Jun 30 15:40:38        27     0.01
       778.00           4.9         0.010    Jun 30 15:40:38        27     0.01
       779.00           4.9         0.000    Jun 30 15:40:38        27     0.01
       780.00           4.9         0.010    Jun 30 15:40:38        27     0.01
       781.00           4.9         0.000    Jun 30 15:40:38        27     0.01
       782.00           4.9         0.000    Jun 30 15:40:38        27     0.01
       783.00           5.0         0.010    Jun 30 15:40:38        27     0.01
       784.00           5.0         0.000    Jun 30 15:40:38        27     0.01
       785.00           5.0         0.000    Jun 30 15:40:38        27     0.01
       786.00           5.0         0.010    Jun 30 15:40:38        27     0.01
       787.00           5.0         0.000    Jun 30 15:40:38        27     0.01
       788.00           5.0         0.010    Jun 30 15:40:38        27     0.01
       789.00           5.0         0.000    Jun 30 15:40:38        27     0.01
       790.00           5.0         0.010    Jun 30 15:40:38        27     0.01
       791.00           5.0         0.010    Jun 30 15:40:38        27     0.01
       792.00           5.0         0.000    Jun 30 15:40:38        27     0.01
       793.00           5.0         0.010    Jun 30 15:40:38        27     0.01
       794.00           5.0         0.000    Jun 30 15:40:38        27     0.01
       795.00           5.0         0.010    Jun 30 15:40:39        28     0.01
       796.00           5.0         0.000    Jun 30 15:40:39        28     0.01
       797.00           5.0         0.000    Jun 30 15:40:39        28     0.01
       798.00           5.0         0.010    Jun 30 15:40:39        28     0.01
       799.00           5.0         0.000    Jun 30 15:40:39        28     0.01
       800.00           5.0         0.000    Jun 30 15:40:39        28     0.01
       801.00           5.0         0.010    Jun 30 15:40:39        28     0.01
       802.00           5.0         0.000    Jun 30 15:40:39        28     0.01
       803.00           5.0         0.010    Jun 30 15:40:39        28     0.01
       804.00           5.0         0.000    Jun 30 15:40:39        28     0.01
       805.00           5.1         0.010    Jun 30 15:40:39        28     0.01
       806.00           5.1         0.010    Jun 30 15:40:39        28     0.01
       807.00           5.1         0.010    Jun 30 15:40:39        28     0.01
       808.00           5.1         0.010    Jun 30 15:40:39        28     0.01
       809.00           5.1         0.010    Jun 30 15:40:39        28     0.01
       810.00           5.1         0.020    Jun 30 15:40:39        28     0.01
       811.00           5.1         0.010    Jun 30 15:40:39        28     0.01
       812.00           5.1         0.010    Jun 30 15:40:39        28     0.01
       813.00           5.1         0.010    Jun 30 15:40:39        28     0.01
       814.00           5.2         0.010    Jun 30 15:40:39        28     0.01
       815.00           5.2         0.010    Jun 30 15:40:39        28     0.01
       816.00           5.2         0.020    Jun 30 15:40:40        29     0.01
       817.00           5.2         0.000    Jun 30 15:40:40        29     0.01
       818.00           5.2         0.010    Jun 30 15:40:40        29     0.01
       819.00           5.2         0.010    Jun 30 15:40:40        29     0.01
       820.00           5.2         0.020    Jun 30 15:40:40        29     0.01
       821.00           5.2         0.000    Jun 30 15:40:40        29     0.01
       822.00           5.2         0.010    Jun 30 15:40:40        29     0.01
       823.00           5.2         0.020    Jun 30 15:40:40        29     0.01
       824.00           5.3         0.010    Jun 30 15:40:40        29     0.01
       825.00           5.3         0.010    Jun 30 15:40:40        29     0.01
       826.00           5.3         0.010    Jun 30 15:40:40        29     0.01
       827.00           5.3         0.000    Jun 30 15:40:40        29     0.01
       828.00           5.3         0.010    Jun 30 15:40:40        29     0.01
       829.00           5.3         0.000    Jun 30 15:40:40        29     0.01
       830.00           5.3         0.000    Jun 30 15:40:40        29     0.01
       831.00           5.3         0.010    Jun 30 15:40:40        29     0.01
       832.00           5.3         0.000    Jun 30 15:40:40        29     0.01
       833.00           5.3         0.010    Jun 30 15:40:40        29     0.01
       834.00           5.3         0.010    Jun 30 15:40:40        29     0.01
       835.00           5.3         0.000    Jun 30 15:40:40        29     0.01
       836.00           5.3         0.010    Jun 30 15:40:40        29     0.01
       837.00           5.3         0.010    Jun 30 15:40:40        29     0.01
       838.00           5.3         0.000    Jun 30 15:40:40        29     0.01
       839.00           5.4         0.010    Jun 30 15:40:40        29     0.01
       840.00           5.4         0.000    Jun 30 15:40:40        29     0.01
       841.00           5.4         0.010    Jun 30 15:40:41        30     0.01
       842.00           5.4         0.010    Jun 30 15:40:41        30     0.01
       843.00           5.4         0.000    Jun 30 15:40:41        30     0.01
       844.00           5.4         0.010    Jun 30 15:40:41        30     0.01
       845.00           5.4         0.010    Jun 30 15:40:41        30     0.01
       846.00           5.4         0.000    Jun 30 15:40:41        30     0.01
       847.00           5.4         0.010    Jun 30 15:40:41        30     0.01
       848.00           5.4         0.010    Jun 30 15:40:41        30     0.01
       849.00           5.4         0.010    Jun 30 15:40:41        30     0.01
       850.00           5.4         0.010    Jun 30 15:40:41        30     0.01
       851.00           5.4         0.010    Jun 30 15:40:41        30     0.01
       852.00           5.5         0.010    Jun 30 15:40:41        30     0.01
       853.00           5.5         0.000    Jun 30 15:40:41        30     0.01
       854.00           5.5         0.010    Jun 30 15:40:41        30     0.01
       855.00           5.5         0.000    Jun 30 15:40:41        30     0.01
       856.00           5.5         0.010    Jun 30 15:40:41        30     0.01
       857.00           5.5         0.000    Jun 30 15:40:41        30     0.01
       858.00           5.5         0.000    Jun 30 15:40:41        30     0.01
       859.00           5.5         0.010    Jun 30 15:40:41        30     0.01
       860.00           5.5         0.000    Jun 30 15:40:41        30     0.01
       861.00           5.5         0.010    Jun 30 15:40:41        30     0.01
       862.00           5.5         0.010    Jun 30 15:40:42        31     0.01
       863.00           5.5         0.010    Jun 30 15:40:42        31     0.01
       864.00           5.5         0.020    Jun 30 15:40:42        31     0.01
       865.00           5.5         0.010    Jun 30 15:40:42        31     0.01
       866.00           5.5         0.010    Jun 30 15:40:42        31     0.01
       867.00           5.6         0.010    Jun 30 15:40:42        31     0.01
       868.00           5.6         0.000    Jun 30 15:40:42        31     0.01
       869.00           5.6         0.010    Jun 30 15:40:42        31     0.01
       870.00           5.6         0.000    Jun 30 15:40:42        31     0.01
       871.00           5.6         0.000    Jun 30 15:40:42        31     0.01
       872.00           5.6         0.010    Jun 30 15:40:42        31     0.01
       873.00           5.6         0.000    Jun 30 15:40:42        31     0.01
       874.00           5.6         0.000    Jun 30 15:40:42        31     0.01
       875.00           5.6         0.010    Jun 30 15:40:42        31     0.01
       876.00           5.6         0.010    Jun 30 15:40:42        31     0.01
       877.00           5.6         0.010    Jun 30 15:40:42        31     0.01
       878.00           5.6         0.000    Jun 30 15:40:42        31     0.01
       879.00           5.6         0.020    Jun 30 15:40:42        31     0.01
       880.00           5.6         0.010    Jun 30 15:40:42        31     0.01
       881.00           5.6         0.010    Jun 30 15:40:42        31     0.01
       882.00           5.7         0.010    Jun 30 15:40:43        32     0.01
       883.00           5.7         0.000    Jun 30 15:40:43        32     0.01
       884.00           5.7         0.010    Jun 30 15:40:43        32     0.01
       885.00           5.7         0.000    Jun 30 15:40:43        32     0.01
       886.00           5.7         0.010    Jun 30 15:40:43        32     0.01
       887.00           5.7         0.000    Jun 30 15:40:43        32     0.01
       888.00           5.7         0.000    Jun 30 15:40:43        32     0.01
       889.00           5.7         0.020    Jun 30 15:40:43        32     0.01
       890.00           5.7         0.000    Jun 30 15:40:43        32     0.01
       891.00           5.7         0.000    Jun 30 15:40:43        32     0.01
       892.00           5.7         0.010    Jun 30 15:40:43        32     0.01
       893.00           5.7         0.000    Jun 30 15:40:43        32     0.01
       894.00           5.7         0.000    Jun 30 15:40:43        32     0.01
       895.00           5.7         0.010    Jun 30 15:40:43        32     0.01
       896.00           5.7         0.000    Jun 30 15:40:43        32     0.01
       897.00           5.7         0.000    Jun 30 15:40:43        32     0.01
       898.00           5.7         0.010    Jun 30 15:40:43        32     0.01
       899.00           5.8         0.020    Jun 30 15:40:43        32     0.01
       900.00           5.8         0.010    Jun 30 15:40:43        32     0.01
       901.00           5.8         0.010    Jun 30 15:40:43        32     0.01
       902.00           5.8         0.010    Jun 30 15:40:43        32     0.01
       903.00           5.8         0.020    Jun 30 15:40:43        32     0.01
       904.00           5.8         0.010    Jun 30 15:40:43        32     0.01
       905.00           5.8         0.010    Jun 30 15:40:43        32     0.01
       906.00           5.8         0.010    Jun 30 15:40:44        33     0.01
       907.00           5.8         0.010    Jun 30 15:40:44        33     0.01
       908.00           5.9         0.010    Jun 30 15:40:44        33     0.01
       909.00           5.9         0.000    Jun 30 15:40:44        33     0.01
       910.00           5.9         0.010    Jun 30 15:40:44        33     0.01
       911.00           5.9         0.000    Jun 30 15:40:44        33     0.01
       912.00           5.9         0.010    Jun 30 15:40:44        33     0.01
       913.00           5.9         0.000    Jun 30 15:40:44        33     0.01
       914.00           5.9         0.000    Jun 30 15:40:44        33     0.01
       915.00           5.9         0.010    Jun 30 15:40:44        33     0.01
       916.00           5.9         0.000    Jun 30 15:40:44        33     0.01
       917.00           5.9         0.020    Jun 30 15:40:44        33     0.01
       918.00           5.9         0.000    Jun 30 15:40:44        33     0.01
       919.00           5.9         0.000    Jun 30 15:40:44        33     0.01
       920.00           5.9         0.000    Jun 30 15:40:44        33     0.01
       921.00           5.9         0.020    Jun 30 15:40:44        33     0.01
       922.00           5.9         0.010    Jun 30 15:40:44        33     0.01
       923.00           5.9         0.010    Jun 30 15:40:44        33     0.01
       924.00           6.0         0.010    Jun 30 15:40:44        33     0.01
       925.00           6.0         0.010    Jun 30 15:40:44        33     0.01
       926.00           6.0         0.010    Jun 30 15:40:44        33     0.01
       927.00           6.0         0.010    Jun 30 15:40:44        33     0.01
       928.00           6.0         0.010    Jun 30 15:40:44        33     0.01
       929.00           6.0         0.010    Jun 30 15:40:44        33     0.01
       930.00           6.0         0.010    Jun 30 15:40:44        33     0.01
       931.00           6.0         0.010    Jun 30 15:40:44        33     0.01
       932.00           6.0         0.010    Jun 30 15:40:44        33     0.01
       933.00           6.0         0.000    Jun 30 15:40:44        33     0.01
       934.00           6.0         0.000    Jun 30 15:40:44        33     0.01
       935.00           6.0         0.010    Jun 30 15:40:45        34     0.01
       936.00           6.1         0.010    Jun 30 15:40:45        34     0.01
       937.00           6.1         0.000    Jun 30 15:40:45        34     0.01
       938.00           6.1         0.010    Jun 30 15:40:45        34     0.01
       939.00           6.1         0.000    Jun 30 15:40:45        34     0.01
       940.00           6.1         0.010    Jun 30 15:40:45        34     0.01
       941.00           6.1         0.000    Jun 30 15:40:45        34     0.01
       942.00           6.1         0.000    Jun 30 15:40:45        34     0.01
       943.00           6.1         0.010    Jun 30 15:40:45        34     0.01
       944.00           6.1         0.000    Jun 30 15:40:45        34     0.01
       945.00           6.1         0.000    Jun 30 15:40:45        34     0.01
       946.00           6.1         0.010    Jun 30 15:40:45        34     0.01
       947.00           6.1         0.000    Jun 30 15:40:45        34     0.01
       948.00           6.1         0.010    Jun 30 15:40:45        34     0.01
       949.00           6.1         0.000    Jun 30 15:40:45        34     0.01
       950.00           6.1         0.000    Jun 30 15:40:45        34     0.01
       951.00           6.1         0.010    Jun 30 15:40:45        34     0.01
       952.00           6.1         0.000    Jun 30 15:40:45        34     0.01
       953.00           6.1         0.000    Jun 30 15:40:45        34     0.01
       954.00           6.1         0.010    Jun 30 15:40:45        34     0.01
       955.00           6.1         0.000    Jun 30 15:40:45        34     0.01
       956.00           6.1         0.000    Jun 30 15:40:45        34     0.01
       957.00           6.1         0.010    Jun 30 15:40:45        34     0.01
       958.00           6.1         0.000    Jun 30 15:40:45        34     0.01
       959.00           6.1         0.000    Jun 30 15:40:45        34     0.01
       960.00           6.1         0.010    Jun 30 15:40:45        34     0.01
       961.00           6.1         0.000    Jun 30 15:40:45        34     0.01
       962.00           6.2         0.010    Jun 30 15:40:45        34     0.01
       963.00           6.2         0.000    Jun 30 15:40:45        34     0.01
       964.00           6.2         0.000    Jun 30 15:40:45        34     0.01
       965.00           6.2         0.010    Jun 30 15:40:45        34     0.01
       966.00           6.2         0.020    Jun 30 15:40:45        34     0.01
       967.00           6.2         0.010    Jun 30 15:40:46        35     0.01
       968.00           6.2         0.010    Jun 30 15:40:46        35     0.01
       969.00           6.2         0.000    Jun 30 15:40:46        35     0.01
       970.00           6.2         0.010    Jun 30 15:40:46        35     0.01
       971.00           6.2         0.000    Jun 30 15:40:46        35     0.01
       972.00           6.2         0.010    Jun 30 15:40:46        35     0.01
       973.00           6.2         0.010    Jun 30 15:40:46        35     0.01
       974.00           6.2         0.000    Jun 30 15:40:46        35     0.01
       975.00           6.2         0.010    Jun 30 15:40:46        35     0.01
       976.00           6.2         0.000    Jun 30 15:40:46        35     0.01
       977.00           6.2         0.010    Jun 30 15:40:46        35     0.01
       978.00           6.2         0.000    Jun 30 15:40:46        35     0.01
       979.00           6.3         0.010    Jun 30 15:40:46        35     0.01
       980.00           6.3         0.000    Jun 30 15:40:46        35     0.01
       981.00           6.3         0.000    Jun 30 15:40:46        35     0.01
       982.00           6.3         0.020    Jun 30 15:40:46        35     0.01
       983.00           6.3         0.000    Jun 30 15:40:46        35     0.01
       984.00           6.3         0.000    Jun 30 15:40:46        35     0.01
       985.00           6.3         0.010    Jun 30 15:40:46        35     0.01
       986.00           6.3         0.000    Jun 30 15:40:46        35     0.01
       987.00           6.3         0.000    Jun 30 15:40:46        35     0.01
       988.00           6.3         0.010    Jun 30 15:40:46        35     0.01
       989.00           6.3         0.000    Jun 30 15:40:46        35     0.01
       990.00           6.3         0.000    Jun 30 15:40:46        35     0.01
       991.00           6.3         0.010    Jun 30 15:40:46        35     0.01
       992.00           6.3         0.000    Jun 30 15:40:46        35     0.01
       993.00           6.3         0.010    Jun 30 15:40:46        35     0.01
       994.00           6.3         0.000    Jun 30 15:40:46        35     0.01
       995.00           6.3         0.000    Jun 30 15:40:46        35     0.01
       996.00           6.3         0.000    Jun 30 15:40:46        35     0.01
       997.00           6.3         0.010    Jun 30 15:40:46        35     0.01
       998.00           6.3         0.000    Jun 30 15:40:47        36     0.01
       999.00           6.3         0.010    Jun 30 15:40:47        36     0.01
      1000.00           6.3         0.000    Jun 30 15:40:47        36     0.01
